0.566178487
0.566276198
0.566373908
0.568236628
0.57119556
0.574728144
0.576942051
0.579155958
0.590809334
0.598420844
0.607193787
0.617057216
0.627890397
0.639431144
0.65156979
0.663958993
0.676542891
0.689601916
0.70266094
0.716327309
0.730431144
0.745084398
0.759974941
0.775137579
0.790423448
0.805670722
0.82071887
0.835818008
0.843207883
0.850597757
0.879775668
0.894198113
0.908573342
0.922739081
0.936838242
0.950833419
0.96476231
0.978475352
0.992537056
0.997203723
1.001870389
1.006537056
1.006691102
1.063409252
1.07728235
1.09102658
1.104875826
1.118599977
1.132278044
1.14595611
1.159614852
1.172981569
1.186123796
1.199187652
1.212129234
1.224849549
1.23743389
1.249748251
1.261930775
1.274125638
1.286074403
1.309470063
1.320503453
1.326156201
1.331808949
1.342992111
1.354003237
1.364368092
1.37451809
1.384235524
1.393718774
1.402856164
1.412016753
1.429650919
1.432984252
1.437650919
1.437839495
1.452966407
1.459810967
1.466084627
1.472091025
1.478097422
1.483634023
1.488911028
1.494112918
1.498666785
1.506804249
1.510065037
1.511196118
1.512327198
1.513745541
1.514976408
1.515833992
1.516680939
1.517092323
1.517736354
1.518011627
1.549074285
1.549696111
1.550317936
1.551828568
1.553943316
1.55702763
1.560901414
1.565328958
1.570481916
1.576969464
1.584450369
1.592918914
1.60208115
1.611844283
1.622246324
1.633113612
1.644106976
1.666836709
1.672737984
1.678639258
1.69089433
1.703982338
1.717070345
1.727070345
1.737070345
1.759825091
1.774740304
1.789674707
1.804879782
1.820334941
1.835880948
1.851535954
1.882573396
1.897714962
1.905193283
1.912671604
1.917671604
1.922671604
1.927634484
1.971927533
1.98632612
2.000877552
2.015607542
2.03046805
2.045459678
2.060501573
2.090107288
2.097412647
2.104718005
2.119311644
2.134080654
2.148876823
2.163776087
2.17882531
2.194156121
2.209324674
2.224024489
2.238589921
2.252671814
2.266423831
2.280103657
2.293479014
2.303479014
2.313479014
2.333097439
2.345833899
2.358570359
2.370919688
2.38238205
2.39238205
2.40238205
2.41531919
2.425255624
2.435192058
2.444549685
2.449109557
2.453669428
2.471071314
2.479536407
2.487759303
2.4954434
2.502142577
2.50824854
2.513606945
2.517974486
2.522035259
2.530456896
2.534091571
2.536334766
2.536884231
2.537433695
2.537871219
2.537593826
2.557702121
2.557818285
2.557854258
2.558543643
2.560192122
2.562618286
2.565938885
2.570269796
2.575604
2.580938204
2.588938204
2.596938204
2.604938204
2.606962978
2.616962978
2.626962978
2.631528715
2.640742219
2.650523626
2.660454571
2.670771447
2.682111144
2.694320163
2.707132335
2.719944507
2.733279905
2.746615302
2.760065695
2.773536414
2.787470982
2.801682241
2.816020986
2.830912151
2.845803316
2.861276133
2.876987846
2.8931554
2.90952437
2.926031968
2.942347289
2.958518657
2.989708646
3.005098249
3.012697751
3.020297253
3.035475293
3.050610598
3.066223118
3.081816008
3.097482917
3.112541441
3.127624032
3.142666597
3.157844629
3.173228699
3.188591475
3.203363301
3.218098854
3.232850679
3.247742087
3.262288829
3.276522868
3.304869271
3.318660943
3.325435198
3.332209453
3.345167243
3.357653033
3.369862358
3.381929765
3.393724479
3.405192767
3.4166932
3.427958509
3.439431512
3.450575161
3.461087912
3.470663467
3.480239022
3.488966873
3.497694724
3.505519381
3.512160409
3.518021535
3.523709165
3.528622067
3.532964014
3.536787121
3.540141366
3.543287849
3.546474052
3.549452367
3.55197824
3.553625545
3.553930358
3.560262475
3.560632397
3.56205805
3.563988254
3.566788654
3.570399165
3.574518426
3.578771788
3.583474115
3.593702426
3.599567036
3.602680585
3.605794134
3.613287163
3.621403671
3.630154357
3.639336967
3.648793867
3.658374406
3.668044781
3.677874154
3.69940618
3.705241723
3.711077265
3.723168842
3.735744024
3.749035801
3.755845639
3.762655476
3.804862432
3.81201687
3.819171308
3.83375385
3.848304094
3.863040353
3.877641113
3.892701423
3.907571627
3.922607738
3.937674672
3.952678736
3.967768347
3.98323408
3.998732933
4.014648537
4.030289372
4.045994428
4.061824258
4.077407027
4.09302173
4.10859239
4.124047701
4.139776581
4.155489417
4.171174706
4.202310565
4.210005258
4.217699951
4.233033162
4.248366372
4.263599333
4.271091109
4.278582885
4.307865308
4.32225861
4.33617576
4.350015446
4.363855131
4.377693175
4.404015091
4.416531737
4.428612333
4.440297413
4.451817909
4.462750724
4.46782504
4.472899356
4.482347089
4.491208274
4.499516884
4.507568385
4.515185227
4.52260521
4.529593312
4.535718289
4.540864965
4.545227356
4.548681844
4.551417746
4.55374104
4.555713469
4.557458467
4.558279483
4.559100499
4.551353424
4.551639348
4.552594117
4.554583689
4.557483463
4.561172957
4.563382269
4.565591581
4.570495471
4.575750754
4.58130762
4.587029637
4.593335624
4.60010901
4.607422845
4.615076416
4.624154251
4.633232086
4.643398218
4.6537687
4.664536131
4.675709142
4.686882153
4.69865923
4.710640412
4.722621594
4.735287228
4.748729478
4.762274898
4.776352409
4.790555409
4.80481077
4.819128556
4.833832011
4.848930128
4.864445234
4.880331568
4.896666351
4.912980061
4.92930767
4.945958568
4.962317006
4.978881748
4.995578623
5.012365591
5.022365591
5.032365591
5.063300117
5.097219203
5.113991054
5.122267935
5.130544815
5.146881276
5.162837168
5.179015519
5.194939262
5.210863004
5.226457027
5.234211547
5.241966066
5.272432733
5.287417871
5.30222694
5.316683185
5.330934078
5.344997345
5.358932937
5.372868529
5.38624015
5.399044768
5.411849386
5.423330735
5.434260738
5.444605103
5.45455215
5.46391676
5.472758693
5.481600626
5.489877357
5.498154087
5.505992277
5.513004048
5.519190183
5.524627524
5.52925436
5.533323546
5.537019535
5.54022197
5.543113174
5.545757149
5.547972452
5.54908881
5.549415054
5.563603932
5.5637656
5.563927268
5.564912297
5.566313781
5.568069035
5.570421674
5.573699557
5.57697744
5.58145027
5.5859231
5.5913217
5.59718953
5.60364494
5.61082272
5.618000499
5.626335311
5.634670122
5.644022109
5.653454905
5.663524767
5.674101713
5.685543034
5.697227918
5.709278428
5.721523593
5.733644947
5.758259871
5.770919979
5.784222807
5.797803419
5.812109091
5.81945952
5.826809949
5.841847327
5.857243491
5.872453753
5.887854538
5.903351847
5.918868331
5.934489297
5.950341268
5.966601466
5.983060174
5.999477949
6.016365706
6.033017845
6.049845035
6.066574388
6.08332278
6.099796295
6.116178187
6.132378129
6.148415733
6.164429056
6.1802306
6.188135167
6.196039734
6.227211214
6.242715414
6.257950232
6.27315661
6.288228284
6.303001384
6.317820199
6.332516164
6.346837515
6.570480413
6.571106769
6.571622929
6.572139089
6.573639542
6.575669463
6.577983079
6.580640518
6.583825443
6.587417079
6.591896777
6.597327748
6.603399275
6.610050582
6.617096701
6.624171057
6.631576414
6.639315358
6.647792168
6.656268977
6.666115319
6.67596166
6.686698201
6.697752903
6.708880131
6.720130642
6.731624464
6.74312498
6.754929815
6.766847144
6.779119137
6.792045451
6.805688662
6.81938664
6.833363311
6.847591047
6.86198871
6.876315131
6.890866534
6.906073301
6.921555619
6.953473944
6.969628082
6.985700517
7.001734549
7.017442017
7.025415774
7.033389531
7.049258732
7.065337127
7.081576757
7.097820518
7.114552681
7.131054599
7.147697633
7.164425979
7.180777635
7.196997087
7.213120909
7.229207314
7.26058691
7.268180362
7.275773813
7.291247515
7.306654375
7.321804763
7.351647106
7.366006273
7.373056544
7.380106815
7.39362386
7.406397475
7.418876132
7.425020003
7.431163873
7.455189689
7.466863072
7.47805209
7.488581441
7.498507575
7.507224168
7.515296634
7.522611208
7.529539484
7.321884377
7.304546812
7.269295461
7.25148431
7.233336274
7.22411574
7.214895205
7.196291519
7.177568774
7.1587968
7.139775177
7.120685421
7.101365196
7.082046905
7.062469765
7.042788158
7.023107649
7.003107649
6.983107649
6.963107649
6.943107649
6.923107649
6.903107649
6.883107649
6.854130322
6.837028958
6.820360367
6.80452292
6.788913357
6.773838685
6.759309961
6.749309961
6.745494267
6.732154694
6.719359156
6.70709809
6.695520697
6.684071403
6.67313691
6.662591865
6.652314746
6.642360881
6.632963981
6.624246757
6.616710282
6.610296261
6.604518593
6.599207812
6.593883334
6.588528078
6.583523036
6.579105161
6.573573199
6.572087442
6.571125646
6.570630917
6.567116964
6.553009
6.537456094
6.520693497
6.503162768
6.485369409
6.470369409
6.450935164
6.435030836
6.420356023
6.393132602
6.383132602
6.379789275
6.365740789
6.351692302
6.336184796
6.320096281
6.303101398
6.285682515
6.267945376
6.249796495
6.230796495
6.211796495
6.192796495
6.173796495
6.154796495
6.135796495
6.116796495
6.097796495
6.075435985
6.057435985
6.039435985
6.021435985
6.003435985
5.975728146
5.956268643
5.937145895
5.919145895
5.901145895
5.881488821
5.855275167
5.829061513
5.820712302
5.812363091
5.796278651
5.780615836
5.765213969
5.750038201
5.735181663
5.720850984
5.707045607
5.694070896
5.681880089
5.665933927
5.649987764
5.645188709
5.640389654
5.631143505
5.621897355
5.605347593
5.598152596
5.591736785
5.586277847
5.581479156
5.576479156
5.575479156
5.573689137
5.567830077
5.566723588
5.565617099
5.549415054
5.509363443
5.469311831
5.449688673
5.431678297
5.414768751
5.398476473
5.390477087
5.382477701
5.366319379
5.350136543
5.316445763
5.29913866
5.281745367
5.264298688
5.246446563
5.228397776
5.210177582
5.191412585
5.181950035
5.172487485
5.153344052
5.134159666
5.114765777
5.095269059
5.075221708
5.054924722
5.03428292
5.013364036
4.992486657
4.971408143
4.950590932
4.919702368
4.888813804
4.868863101
4.84934078
4.830455048
4.821319801
4.812184553
4.794637335
4.777688263
4.761522789
4.746522789
4.731522789
4.716522789
4.700409118
4.68650227
4.67341859
4.661053981
4.649439221
4.638526423
4.628240044
4.618715705
4.610163741
4.601920338
4.586925024
4.583522636
4.580120248
4.574033312
4.568857305
4.564470609
4.560808703
4.557878451
4.555368265
4.553593095
4.552549977
4.551429091
4.432184325
4.415853426
4.398966238
4.381809084
4.36446759
4.347024438
4.329603866
4.312077242
4.294413058
4.276509099
4.258321663
4.23974732
4.221079986
4.202023749
4.182707562
4.162784755
4.142160138
4.121535521
4.10029065
4.078734816
4.057334171
4.035810483
4.014839904
4.004337235
3.993834565
3.93193304
3.911966838
3.892240113
3.892240113
3.854612152
3.845630575
3.836648998
3.819175019
3.802355687
3.786246612
3.770464196
3.755275526
3.740402112
3.726228693
3.712673083
3.699857172
3.687480803
3.675480657
3.664121848
3.65352287
3.643787404
3.634769876
3.625787999
3.617140944
3.608842907
3.601255766
3.594382237
3.588364786
3.577343536
3.573381772
3.571655909
3.569930045
3.566869848
3.564557313
3.562623664
3.560884831
3.553930358
3.552779848
3.550879101
3.549554771
3.548230441
3.544707662
3.540680776
3.535909919
3.353078061
3.336508662
3.31939395
3.310697426
3.302000901
3.284088648
3.266285345
3.24847846
3.230790142
3.212885429
3.194743913
3.176420031
3.157817793
3.139162089
3.120521898
3.101611831
3.082838097
3.064045585
3.045293139
3.026315402
3.007531645
2.970225143
2.951568935
2.942303356
2.933037777
2.914776536
2.896703773
2.878796367
2.86124028
2.843935419
2.826884305
2.810383094
2.794156814
2.778300002
2.762739229
2.747300037
2.731822796
2.71665315
2.70182907
2.687263407
2.673598773
2.661238905
2.648879037
2.638294421
2.628718276
2.619621466
2.611084519
2.602765936
2.595302963
2.588622201
2.582657634
2.577162495
2.574557294
2.571952092
2.56324787
2.561063698
2.558879525
2.548375372
2.537871219
2.537593826
2.536606614
2.535271345
2.534015294
2.532665694
2.531471428
2.5298131
2.527381093
2.406845587
2.390495334
2.382643561
2.374791787
2.35944454
2.344463444
2.329548099
2.314772985
2.299717475
2.284348643
2.268378988
2.252127298
2.235693812
2.218910338
2.201867248
2.184708869
2.167170416
2.149185898
2.130896173
2.112297369
2.093445467
2.073885652
2.033248278
2.01214865
1.990829023
1.980023817
1.96921861
1.947645417
1.926490766
1.905464015
1.884717686
1.863965758
1.843510731
1.823143338
1.803275906
1.765589904
1.756631124
1.747672344
1.730871444
1.714990124
1.700115364
1.686226999
1.67335556
1.661150028
1.646150028
1.631150028
1.626789418
1.61609856
1.605995708
1.596762718
1.588515136
1.58118716
1.57513141
1.569855223
1.560909808
1.556876926
1.555194161
1.553511396
1.551033034
1.549532734
1.452083506
1.435202343
1.427547018
1.419891692
1.392671556
1.379654492
1.366966337
1.354498674
1.342129091
1.329720115
1.316922095
1.303668723
1.289957643
1.276155551
1.262153304
1.248506728
1.234860152
1.221028798
1.206975231
1.192536129
1.177351827
1.162000148
1.14647729
1.130874746
1.115024339
1.099080565
1.082942103
1.066367966
1.049181492
1.031443158
1.013181955
0.994920752
0.976188395
0.957367386
0.938521808
0.929060965
0.919600122
0.891520214