14.873594176033023
15.057880141553737
13.148625425890156
12.846943840592758
16.81184096956216
13.190658193516395
11.990124350828484
11.915128893307497
12.746359493823027
15.132703745098063
13.762838682098996
14.734260923463884
17.052876880636543
13.110251924294786
14.869010150749933
15.8403844374352
15.987136975987944
15.480171386756304
16.126791074717207
17.005698151686037
14.321821861946301
14.866646459613454
12.60134710062568
14.808763364460022
13.67033907237918
17.401839166554623
13.0533951160755
16.631482789509263
14.705766043853961
15.865738425118256
15.46984546218056
15.790091633967638
15.168519462587492
17.62764262308927
13.80417347619731
16.541706656240866
14.508996254587265
12.348849427518621
11.197085380879708
13.256398654495904
15.971551705283929
15.180229595919789
12.636624094476435
15.969538574429775
12.572388940429434
13.378962013797363
12.898358749871802
16.284819279939235
12.910032649058234
14.718383784986822
16.7021419427429
16.464436067151677
13.874653852815538
15.76258363443136
13.066500914346566
15.592623348483395
12.35652907903213
14.781973862087856
11.7520967741877
14.077591246487318
16.70334654563587
13.757822963039196
12.15400251907505
14.9544880246037
15.120623324327056
17.3521579573019
17.095775376061226
15.864860890025104
14.104148928538013
15.53392932697766
14.510252558025913
14.634890251034687
12.37867662942142
11.622034027874827
16.07870177881086
16.633239052959915
12.883542579619304
14.788934336412378
16.81852855587109
14.682745234413844
16.827155066734054
14.9876516175116
16.511840695145423
15.964637269952153
15.795170848333468
16.648654691144444
13.652758238751574
13.27178229725879
11.871775659947708
12.89982413120213
14.69170727604799
13.51512306375215
14.82276555380488
16.54572036908434
12.611711712732696
14.38328147490972
16.648340930033086
16.351324886636753
13.684279350153673
13.564085969538803
12.706136201802213
10.485691277177018
11.790190524615968
12.70252300984949
12.14847478652042
12.28478246564011
10.475297934050724
12.815821934271025
12.419711708285082
13.239535267793169
12.95304121923347
16.050408729000143
15.037986600512294
12.676199300999498
15.532768734387135
14.6099410940394
11.983362883589027
11.313042696143022
14.93099558395024
11.407392965499604
11.295928037225767
15.75959408200075
12.770717623582234
12.630238421751173
11.071655053984124
9.60417345774802
14.93472658116422
14.105088665356705
13.425654598890556
11.76657638052037
14.23254809918766
14.200091979675337
12.570250634961003
11.143053955981516
12.715251078286082
14.577062734646633
14.411624709131395
15.017606477531883
15.320072069564056
12.804682989383572
15.720863471738646
12.826500333906743
13.310516154889523
16.870744872245222
13.516660195570196
11.61858077257139
11.183401651761928
15.517043525326919
12.96878328981863
17.033366213460724
16.81927892105078
16.779687901287648
15.46752621609285
13.258193881786138
15.079291549875
15.705343997771848
17.668439780034596
14.133532986289062
16.200521861941343
12.833807557015009
12.39461148148525
10.856263417850812
11.123020649297697
12.815079974126768
13.878428689994783
16.454705113366153
16.847807466180406
13.454168929024059
16.925712739245448
14.878310352325542
14.38502749718976
13.992509184305208
14.131303117159467
11.362281187082875
15.217553637298977
15.655642705842709
13.569223357543937
11.532569308549316
15.083160649291372
11.971203928515804
16.35951454083464
16.778226989443414
13.765690125254386
12.50759929933682
13.26611994022447
14.315762728856637
14.813896084410553
12.51335145176576
11.249098367255822
11.624459535701888
14.96138790199647
13.354751150726988
14.82553187008016
15.253655001036758
12.922423355034262
13.722269756489244
12.03380896410855
11.203836040783335
14.585018836738037
17.088846343310788
15.985310651830488
17.04851416738291
13.453089617517232
16.59583897969268
15.695854167914332
15.867844175591108
17.583966445792864
13.337226929034609
16.45328773928268
15.847767889543448
16.320801481132996
15.162981007876368
14.42610276123317
14.843278460862834
13.172000944110202
11.11978863307379
11.416537016939436
10.367794464167332
13.03961478317781
11.512030026067988
10.803405347558632
11.353102694613451
15.546581163633073
11.65500364082563
15.526314708628307
16.270866883089216
16.69099262927846
12.204918672013441
15.277554491418837
14.282490263518916
14.394594297875432
15.16357897352048
12.052964525388704
15.888885176255794
17.5369252449518
16.988833396857615
16.014573783200483
17.18703239004151
16.562692004882937
13.416290314117107
14.479156704885716
12.769811715971827
12.779959631465294
14.362779809487375
13.909668597079548
16.52322388719177
15.827277405334907
16.5046947375982
13.289208121104357
10.409105429808712
11.461253616383564
14.385890242401013
13.086304345100775
10.888142985542123
15.166076473961724
13.635893182342885
13.60041619665422
12.169533675390872
14.74470301001194
13.178683261761048
10.86592581859166
13.563373114084802
13.639011470935257
16.23074594051424
14.366297187039862
16.45615558920734
14.077941423956934
14.608787107023351
13.110714052200592
15.04877258623775
13.709614434993467
12.657208422634852
15.027820394447577
11.729742952207609
11.085679871356097
13.077115624033421
12.986554890210305
13.007430438659902
14.604036072559204
13.126125289012274
11.712861824270293
11.794852276789305
12.622914717647951
14.680369123873485
13.75909209918424
15.69920176442207
15.283251104309265
16.392929801036956
17.159028537121838
14.539571598146066
15.95269206883697
15.98781259207026
15.815371530206097
14.023096738618767
15.718409992939947
14.465182351630688
12.166794091695296
13.466473938629964
14.307699532596494
14.468080842836075
11.224987225585624
11.33436250366193
10.516330070361862
9.434109375623438
12.339766057421311
15.369126744366
13.018257333150514
13.19635172795274
16.07497060012819
12.06585496577161
14.360893519582703
12.620772305051805
12.01281106208776
11.605014762182062
13.203438354108782
12.029091780828331
11.589806790299658
14.148126677759631
13.490328523738068
11.920635326363783
12.172562125961276
11.348738961153394
10.99400636068475
12.853180434322452
15.512606360648887
14.346181003731363
12.196891688296589
11.167154188595937
13.888335516941222
14.174319999416959
10.380080501899926
10.830590282884398
12.492724502091152
16.517553813085982
10.194155165456415
7.6403221410830575
9.815379215318574
7.086985669133089
12.719223998827834
9.283187055661706
15.091091697645231
14.997310441316934
13.274508204704244
7.993247906728685
6.895652708574061
5.039205427205588
11.31969599202643
8.89833078933721
13.730573542000423
10.717419521792719
7.407684426393148
6.11087481874523
9.925874153018427
11.402656358323787
14.516581752670564
11.253261748292612
13.228645513347296
8.37662026223834
6.810918155458651
11.821025782676397
10.932338267132188
14.084718008474459
8.424686400638581
9.032363510188016
5.93534986540109
5.1963769884504725
5.533041323355129
11.798867147054958
10.968178766696216
7.18111760022747
7.457564056672396
13.422311552913609
7.731263081211644
12.046242479210587
10.498689087626971
8.737793998951487
8.839430031564955
14.268879748946583
11.892639778315374
10.530675837896219
6.896990124467027
10.769041765445479
7.549946085264102
13.451298909012172
14.608226054794434
11.930315524026692
11.832506887885682
8.536537588838229
7.158877295525956
7.695151949887324
9.492977653115712
7.450222477415302
9.937542998273916
14.498071004499643
8.495732116389874
6.359214553020865
10.66312861500323
8.733004600649574
6.248473808503716
7.71274285177457
6.921022243726095
8.532874826708632
14.025786013307354
9.803137791128854
6.919217898421281
5.057013814640456
4.3636143740520685
10.00903261471898
14.487177893027784
9.654162062155908
7.536453891901315
11.28740136876436
13.76784624398362
11.073966531716977
9.567767078866336
8.370349081081375
13.711148819458593
13.1374782496571
12.60707973518197
8.007697214321697
11.466248376239616
14.659660705875384
8.453343622599311
6.509801717787751
12.937874242565224
8.254454491109264
7.391755570339358
8.227095269825412
7.268396113204893
9.18490018426219
7.184318871746085
6.245639239003141
5.4706093759496275
12.566875265010243
11.703205340661011
6.779746946350035
12.246472853810348
11.638909779946697
12.94170719220772
14.494985709949198
14.480721781179694
10.562319365629968
10.497833471379202
10.646040790058672
12.462134728836581
14.415886373247009
15.870078629357213
12.10038025038385
14.32836282855444
13.761755168786
15.18938178556438
13.175429970979618
10.842376160432423
14.321869488145374
16.229502752539176
14.045146259945827
9.04138656945334
8.436288056782445
7.713718202189067
12.330550049530192
11.741597074024003
7.404803372769738
7.359083211608455
9.937903851227665
12.681736971817678
12.24349436758513
12.430244989224958
12.227376055011026
9.540184586322166
7.490664381339092
10.816510842208565
11.727131614383861
10.527304056407301
14.48601804301684
8.610630596168534
10.341419704664766
12.919138923372
11.947864646804684
7.360509664000764
7.490082764322589
8.74826422978277
4.996122086198223
3.4284950406465424
6.765144576133713
9.729772751539622
8.451591665764035
8.563752305736124
8.975712284826423
12.949594317890542
6.609699593434848
11.020460104297245
7.184360565767162
12.080230954662266
6.03004660221346
4.336066222290986
4.828604822517368
8.182844981754513
11.150490253504238
6.9806482181227505
12.850563703590465
11.199193281319625
12.172781611392455
13.310720589624063
13.221953966335878
7.512971503404846
8.2809124030887
10.168353988010566
5.462658130215228
10.085387601452783
13.393259042912911
14.016703726331885
10.920498552818394
9.432459787035958
5.82747997615017
6.820834440755695
11.216614353391373
7.097690875891519
8.618763025801067
6.53136562431493
9.77915219033336
7.59881087427976
8.776747972989448
8.239467224834332
9.83143397502237
8.518994696399979
8.163043355729835
11.320503950703458
9.786360549436848
8.667092658596697
11.427069169098143
11.549692342987052
11.927745089750642
6.589155473009402
10.44703606744678
6.897372939710489
10.282102989190578
11.275070535852114
11.610228217431642
8.668100691863375
5.207193439578387
3.561509038359824
4.5681215157084525
7.424012168588927
7.326017455849434
8.29907917554873
7.686873910583583
8.377290370026513
9.40706826541768
6.514953114385908
6.389042399555947
4.9100336209380435
8.68984906565341
7.0094314844929695
4.137081031175859
6.59090170711957
10.180516242471686
7.7426480730590175
9.293334203713133
10.812246354357072
7.78131594517185
8.202916656983572
6.948262697037258
6.416978345974028
7.134975026176686
8.237940938308368
8.282529744715621
10.120307093738202
10.606195513308565
6.127300468085542
7.772050494647388
9.801242273165231
8.808196552625342
7.503519083380398
5.1885572782412925
8.072450708752987
10.617473484244732
6.182358845444515
6.557117114609557
9.748465467900157
10.038346856729309
10.756238246207042
9.214966216885736
7.747987264311514
8.072687368396142
9.082156553470577
7.871681153467426
5.7978553156227814
7.833003972243771
8.46555736290233
10.341829195511819
10.095277904687551
6.391323136963263
4.564374576839207
6.9050337005845766
3.8053105129139038
2.975282992881087
6.612055553232045
9.130910948641331
10.969157636230815
7.802166896765055
5.66417592793084
4.152102164656997
7.776053737856364
7.243307401068856
5.712096839108314
4.589137820887004
3.3710188216444856
1.9778256928441587
1.5901243896184702
4.939791082949406
8.69596533601177
5.923015537736946
5.643086918482597
5.508152211700109
2.937751279118209
1.6550166818103231
7.477271610045724
3.666485053992091
8.301259636941467
4.945007791352652
7.400387309355754
6.048403255156682
7.95387436083486
4.259107340988072
0
0
0
0.4191615723932802
0.4254271898315416
0
1.695484523289145
0.027764588645607713
0
5.568368781724634
0.1165610387106435
3.2996474601338015
4.901850413112302
1.272245538908762
3.402574299899035
8.49414709611483
10.664983287411093
7.564107878076704
1.5377257480929014
2.8394846656494135
4.675897329586536
0.4964022416301339
0
0
5.479774019831943
9.092039143694649
12.045176836490858
12.05816826471436
12.639751855774907
7.782389974531564
8.794350022718813
6.982440788837697
9.289334428674737
1.753787275479838
0.6679736477073557
2.3485031717118927
7.305069200321995
9.50854903328176
4.0540823811791835
0
0.23409791728690088
0
7.223899688037498
7.033119005079024
4.460637087260655
8.605912490453711
3.0582681097096525
1.0026558597917967
0
1.8540466268074551
7.123765504379987
4.423370072913752
2.308107936249989
1.854942653784585
4.654124811026256
2.6713001851466136
6.3520575670729
0
2.029524281157351
0.314193868371496
6.612698835494355
9.764649253950317
11.459714685150418
12.48888842976869
6.084296301626403
2.337531710390989
0
7.431953397734498
9.721468768195175
12.756352461193337
10.338332998807877
4.111224507358539
8.904421230136737
5.73818315144445
2.938509829474279
7.4239899041745225
1.6191301016731119
3.600871385938711
3.4363440191409698
5.614731427275631
7.4679984115736655
10.385516653794342
9.257541534573772
8.22410523153609
9.825492420740222
7.09422948720685
9.364956134119037
3.61521041863178
8.872357539357147
3.93840658494476
6.627758672617034
1.5469428741623759
1.0276669215858307
5.937074711649283
5.449135626217277
9.972526668881766
4.501775204305668
8.528453295690731
5.112051497474219
3.02992830189603
5.469179218381657
11.953541943102683
14.60956695396125
14.678123684222092
7.787200636058409
6.570001160140985
12.053212266703747
5.196108972808762
9.169616775489411
14.967420496340383
9.221347713623588
2.761462463226187
5.716850989558288
5.266698537270663
9.38631255620071
4.106676387687198
10.27380508737069
6.221439994869645
12.498828741741672
13.672347019593724
10.762516592503433
2.683912164911468
3.5442838457416928
5.500931637280418
5.742083385095907
13.11502998989798
9.055024828865065
3.639485636701612
0.7646845254671923
3.8706750507890852
10.575677782732715
14.024040896649407
12.061099569641346
10.346780152275699
12.710822918431683
3.7958681818903557
7.35272384824706
6.67998220970585
10.009032109016838
14.657427078605187
8.172955979200228
1.5986165400078791
10.89554167295615
2.9387310678166116
10.809968683840317
13.257179128755991
16.075550661423712
14.330123209017918
10.149537863417894
8.887801620881724
14.081852261482862
12.924832526735193
14.093540404061411
6.434942349205524
11.209547779998296
6.1552959546123045
2.395491121402909
0
4.8676000157467945
4.623920856567278
1.1081040579963677
7.40310742458766
1.653819407150043
1.5938183313007643
2.3921995469701614
9.498450848876363
3.6426752697610674
0.2583527510602881
3.22693747456656
5.096448185973365
6.78583705278418
13.276512551374012
9.947295516161105
11.173726308744932
13.878064011846094
7.574329432393432
9.932981401210501
15.552498384885013
10.53049417275743
13.98578640838145
5.900128981465125
8.935565839605728
10.288205347368697
13.05513222115045
17.664531173360253
11.147325074733104
12.842370803425952
15.925853505929316
17.9808449964424
8.057568578365446
10.654791917034455
16.629432751362387
15.341130866030623
17.11673348603331
13.724567609775024
12.745231005784175
13.461637880484519
13.04200723395805
16.234067763328245
9.108235605578308
4.640444774001798
10.162863391577444
13.80531327047495
13.995647892789087
17.378396103947203
9.947510899159012
8.85612109257804
15.36586071108573
11.101258992995993
13.605303733767318
14.551158289301608
12.624566387675987
15.423999461908563
8.091402295552193
10.037922058409873
12.349228828878429
8.938095196747009
8.633114130316205
6.6883522584339
13.143866614680121
11.62422979412036
10.820797314002672
12.597548328662441
7.5655171658097995
12.787247283479989
12.090071894938578
14.328799018052191
11.339761215369347
7.159484416488473
7.138655339674209
11.035262976339078
15.223224202985588
17.168450751781858
15.41889575724937
14.095110235970095
11.399327690288775
15.264151257592275
10.839755924879153
12.183009268310524
13.806126375890416
8.484689589873081
13.14469995182585
8.143740345422227
12.67372648576357
10.803939846279011
6.9121201385874365
6.335523741206735
8.726848789610138
6.2088221646026645
10.661891967450902
7.544610862477801
6.681950015136634
6.227399445112386
12.779675324319022
13.380159593508072
11.603568867614214
13.753883499494735
10.707997767850916
15.080642862805867
10.823790749774126
11.901017503404306
9.991815300551497
15.681213534724378
13.72879299015328
8.198247232145572
11.556318277919058
11.164927067413222
10.471293339080134
7.717997424117159
11.45899430612053
13.370319701907096
14.005754002419067
15.45925142983304
9.45643294513556
13.162561867835997
8.961417559236981
11.131284099089685
16.00136859413718
14.019738026564516
11.47942464146422
11.138583725872051
8.090252244251456
6.479128562090707
6.726122559639516
10.662174295871086
11.978311213397774
14.493961622976842
14.35251006288571
9.795641931894508
14.97159197526366
10.554104572472124
6.911784654473905
9.177908335356323
7.50287136940457
9.918996813266066
12.020319297994039
11.655767750417363
15.769942541385152
16.079268085091297
18.454415988557464
16.336187746142222
17.41416434527902
11.805207841855449
12.21797844358342
13.645089747443684
17.01179388224883
18.315795051571683
16.221030178825178
11.41278573041055
17.145162993232603
11.217016977418306
16.350831882408897
12.198615079544867
10.684520906495665
12.48147234336992
10.344930735026537
10.205781384375857
14.336453236711922
15.949828536668837
18.209693556524936
12.822325353715444
10.748011476412781
13.538683289126041
8.434854010637132
9.908654757155716
11.096089018267772
8.234875071294944
7.807153815808592
11.888599973838776
11.675132190434244
14.664940475503068
14.474647614318965
18.28201110353809
14.930852792810928
11.05681628620978
10.101119853436193
11.602098142924905
7.72049571311264
13.056074741443002
9.722351923559113
8.556850071168883
8.84825571927337
7.019776925004225
15.050527167218355
11.557675799159888
15.903463638483856
11.843563576339289
14.188772704586519
12.7588252372645
15.326518939823822
14.71593474683278
11.298175304528582
12.877563725633157
16.29374978567754
14.06153403182131
10.851472504996169
12.173034711967137
13.423397488041369
14.635772889360107
14.696249648665612
13.764873161368625
14.717445202900237
17.670595228804196
14.426591133477167
13.457272342107132
10.389504899192097
13.970069066340248
16.79809524030226
12.81258221479519
9.866902425511507
13.509565336385343
16.069129237848795
14.958306150257357
17.15992926793149
18.87155656049793
17.077938273124108
12.130966387726172
16.361819619171666
14.175373500443836
17.237533873788873
15.708005753867631
11.731394443951501
15.496006637314684
17.279922226295337
13.858535798156916
16.334191864276107
12.301235436394403
14.830990584675165
15.666883940231253
11.895435093632777
14.264015052945329
10.87407402726442
9.377694628127674
15.076337762620907
12.093429709601773
12.623918259591868
11.182487570834711
11.479906665280943
12.780978987380152
13.411172167244644
15.19196961631362
17.662320928452758
17.785005455671854
16.126996510764094
12.613856751759684
12.259405713950862
16.004366475171697
13.640586525113635
15.48444544328716
13.841304632838924
13.354586687997978
11.373227559897979
15.458125481669784
15.614717391478763
11.940739967743507
11.578488628464953
9.74053546910369
9.68004815888728
15.923226879237466
15.87596882462523
14.961248584813383
12.829415925403557
15.169285897461217
14.162918657568786
13.196646362928306
