12.47150820078814
14.728126978878077
18.024155949485944
15.085207882286282
11.904822047771614
10.308485607007603
10.853836954942905
15.517057530786579
16.84831267892361
16.386177094265655
18.67790320098235
19.422580924138984
16.558836173980122
14.884851033605365
18.083945108231145
12.942202245649764
12.944772965088884
14.821594717403798
13.10145745451216
16.95347585559012
15.786267381862695
16.366094679582268
16.66351302387475
17.98804161326869
13.477408248125078
12.394525987152177
15.16440873531934
16.178301484873923
17.874741499712922
18.82882226555648
15.174642792849275
17.075655360552563
17.452947680717703
18.20554809358235
13.390199244137044
14.268923410012473
13.81649608982232
11.529536465685839
12.930121951629559
13.914270313733129
12.973890481734548
14.198223571005624
16.88765092301
12.812124676260682
16.760463969144542
13.613621140572127
16.602035910378362
17.298127725329525
14.614548628133651
11.802251449463308
10.148769704482618
14.163987654640346
12.459879298367028
15.646000558033075
14.472168536159453
15.050991282328905
12.723660872687711
14.50577943823324
15.777874389807158
16.90497594061504
17.828253146093044
16.520931406689304
11.863754894023616
15.171803100928502
14.184640337589576
12.754716304319993
15.248898263434054
14.798883300995872
13.459081295955354
13.364989916203328
15.339209938342766
12.114127818521256
10.487428534519086
13.376389406847638
16.058281541749956
15.896106372124152
12.98847677963653
11.03085024621323
14.453136650578966
16.346054090768927
13.76295524978284
13.01909404895442
16.27445402741507
13.114813523423056
13.34368543755093
14.308361548489595
12.48543836260702
10.984158089030846
14.33113407425753
12.357433855693046
15.776860929492047
15.652122882501542
11.222002732672301
10.924619036439406
15.851167217197224
12.65085377480113
10.014062189896677
14.302526552782743
13.39521194447389
14.969021226084962
16.56606333885141
16.825126351154367
16.93012918400021
14.2766692428208
13.705818928728434
13.530353390686882
14.731118514287369
14.012801116027628
12.89835064958955
11.01225914644013
14.932634439952146
14.941676020052919
11.165693372617245
10.719823390102928
12.617266708587653
14.88505369595485
17.100288050972765
14.982838692993969
11.531382798219001
13.048777939513096
11.989811760431925
10.184297453386861
13.865429400475819
15.926757890290881
14.888448306313386
14.444020235639165
13.640878453655782
10.667794416780968
13.244012832330036
13.49784397351009
14.00199956836464
12.72477430047192
15.69074621901454
14.36370856109445
10.978417630892999
10.47689656267597
15.038526294987454
17.35659019086571
14.791131438842369
15.238419763997843
15.745485965728964
17.93788726475093
14.179626041581296
11.279626615125968
10.065636015612435
13.932282201904489
12.012087988272576
12.329795680775636
15.306841097787801
14.609782308049049
12.846439847992997
12.631457196539937
14.65607824328503
15.0237207292039
14.16991986451739
15.397718371449807
13.640697995404789
14.226737418448169
14.529746602804831
16.30886244928843
15.972589569016352
13.963050076769342
15.971977918300954
15.670582375466097
17.1303110654001
16.2033412046824
15.875879420495819
12.807161845979842
16.43583682043027
15.01792557064554
15.416237278805148
13.984697430441168
16.17428318635115
15.612229006176928
14.176043378565964
13.903418342977709
16.307871513442187
13.05392010247517
15.612045540184345
14.614962332182662
16.85289545817864
17.051747006854207
14.272199955799977
13.5097073256626
15.979848511178808
14.883344273641828
15.223035387157214
17.42322689089937
13.491703197522778
12.967246305505029
15.006847624896992
11.141004581051444
14.776649010003478
14.829158972294278
11.528265238819705
11.212952088513841
9.749893273838447
14.117568027764936
17.32830739390553
16.86683185486517
12.816169104826802
15.970722981423368
17.549358550930304
15.277147494666417
14.256286590746768
14.956533878245327
16.038336284995022
11.965215880214105
11.389502637374175
10.809656939199142
11.55568181103051
14.779673367937267
10.999129152738416
12.934207261986463
14.593844643220857
14.943171851912394
11.558314551574746
13.524936998720086
12.274846319274854
10.614000457632946
12.235660821499808
12.833652983550643
11.211781572993587
15.107050265353667
16.253319076103104
13.46415326548773
15.344701423866706
13.658273657209605
11.48191173545968
9.632852282502068
13.88641770368884
15.979256632766203
11.99700322905279
15.578879479987485
11.879246361293985
9.794739792372507
14.028470526514425
14.386007123299137
14.390229858499552
16.572339297346836
11.890984663188393
14.710949874419633
10.760246988345791
14.814274624240703
15.22994121631166
11.80530310545413
14.484990221734392
11.073924893233261
10.305384198822109
13.892755161145315
15.443196247433082
12.946015597724706
15.215870038989173
14.429679345621416
14.495428461435996
16.173426567610104
11.151148312498973
14.296137210588638
11.346680740647034
10.573593990746977
12.368112898021607
13.43922758095578
16.400891073554156
14.770285059733359
14.14874754492992
14.811610351292945
12.689468326356884
13.52476530823669
15.858746623639416
15.69555753242025
11.237975762084682
11.301584434332376
11.921395689917173
11.511156048418488
12.000655056548457
9.41174481865136
8.728547114118163
12.027907445167475
11.474217645796001
11.241069768674308
11.141649954899698
12.758762943334393
13.099267213176695
13.30734187553887
12.791459568914407
9.720211885814653
14.21775220858375
10.710504891063389
10.64169296163688
13.665524321298058
15.188093494493616
12.431964014310969
13.803810606036965
16.160974323387137
11.094651636796637
14.958815049499405
11.784505822310786
11.850857165930716
12.138001712025487
9.394995880897039
8.377832661882788
13.791615152394405
16.239501280227255
17.185755783470718
12.92327894203058
15.315083740803955
14.049075854788661
12.720065672821846
9.898832091251315
9.444255953791833
14.093271021197618
15.560402053678597
11.38443581922596
12.069669355078364
13.611712789977714
10.728652822046861
12.30576088696813
15.342934215769557
14.471913284746726
15.293378786218277
10.842083464946409
9.440839402709031
8.380565616860107
10.251930067243103
12.481514789239613
9.214727454209678
9.170055791232844
12.062059880444224
15.489926788735605
9.744668756647428
7.742143602058728
8.206947010576963
14.239208049283562
9.17574238700816
11.593077614254506
13.39557373273415
11.814699344793159
9.025725957524312
7.851621105062583
13.491718976318065
14.121306695917632
16.294321839408987
9.622922684307792
10.563455660014338
14.474217786162452
9.238994172073205
14.71786631637427
11.329922774381894
8.89851412892716
12.010407610885032
13.498338133838502
6.74434036735519
11.182029987142403
10.691177312193076
7.955370356546211
14.169647495628983
11.101542312453745
10.520380954086303
12.186412098322402
11.76721867775986
6.040848064939632
8.590090127335994
11.360398023755549
12.81106972726881
14.821610769595345
8.89533946864086
13.884567412651954
9.70434173552948
13.303870230507943
13.488570797562923
16.184825485888226
12.463982586132037
9.600119474169889
13.549330813145435
8.939548146992248
6.61384486151897
5.845838623087879
12.283451279315994
14.164944434636961
8.5939577299585
9.499629248033344
5.840722547312282
4.112109539148193
2.7837702217989504
2.6320480559747663
8.114973846314046
14.12815282516964
7.551576674022153
5.5129749784566755
11.619139143740519
14.965734746129183
14.135973174168294
8.03507481279275
12.951357853540792
11.059147027524464
13.188972259391385
6.806117965658323
4.441097487568587
9.701314904020894
7.7490874063845085
9.347960648204097
7.58437508100005
13.800373990574098
13.859719685394921
15.488722179864542
11.012943689487058
6.514965404780067
9.572554363287615
5.691488769574736
12.435577593081511
13.318417566087774
7.017708538734341
5.792885346409523
11.62547868063248
11.219477753494871
6.902207931238168
4.989913961249389
11.745855413165108
7.790115739459235
4.515392750381817
11.308647358418169
5.6536372161343715
12.665292677027358
14.570741117557354
16.06321695574308
12.727668355229834
14.237145576202693
15.55946547421776
10.657215307773232
8.204668746350151
9.591128616149824
7.433240565839844
6.11825509848483
11.408618563206248
15.214906090583842
13.662157123859739
14.42139883483556
9.184041970803769
7.785401250660611
11.225966535627805
5.184024140372405
5.782301459650228
9.55119320392609
13.733596048988133
15.66753481989991
15.95845113809639
15.76688857297643
11.138183821760837
14.94922509984514
13.199848310484498
6.9147329389417
10.642638490133724
12.390224319143865
13.71653282697486
6.394643260600355
7.573406236993772
8.058296521619706
12.49057489444861
6.867185575999979
5.930756832950993
12.495843180926855
5.745629691932542
7.266688260609093
12.133940739894687
9.620177706077687
9.780690624393078
13.073204021047463
6.272741000468031
7.27034805324061
4.9617208873562415
2.587292664365667
1.3853285719070714
5.120871910999247
3.146912393632963
7.770574164801839
3.4422695970776127
7.58863768550439
6.692027825082336
4.0967833136518195
10.578072726379968
12.165855277441263
13.126688465279738
9.084694124225935
6.891580295100759
4.661490597380954
3.7267484942051112
7.063954377526152
10.06213783425021
6.665133028423008
6.049439505349703
11.131790637097652
9.711503809658229
11.835099370434126
10.492160449011195
11.739316768796861
11.644616125025081
13.008008293201136
11.650383893969487
8.342444673595754
6.752650248251596
4.567012213500918
5.764181701616547
2.8225850237059467
3.6086193215140243
11.294048314031869
10.450334562984008
5.648775366779468
4.544214349308339
9.216572284909091
5.0995689449184525
2.0608971984922064
7.33931853759392
4.987636434163898
3.4909650439349527
3.2582522631065953
8.797483421140448
8.309981663192152
8.829420984342201
9.180113874816206
9.681141674720074
12.15646750982071
12.440139233795243
11.14888721238662
9.936759878510736
6.99311078506998
9.798215881782074
8.52872723103933
5.787943618192726
10.448371734280963
9.425616752103327
4.796668556194671
5.944268129452318
7.14615468858908
6.091468744555378
6.228941357471655
4.583855215939895
5.284149384804022
6.373843155671795
8.716400929337718
10.5008505745204
8.30301019310042
6.063314763761692
3.0701721802297226
9.100427917556368
7.199932887437777
5.156037015600929
3.4196129466238316
5.781390113712261
8.747326375233941
9.979097960284825
11.884743666021542
7.600490564645714
9.706740424557282
5.358705666948535
4.497076611166642
5.8967614879948895
6.767660393154781
4.477186537106064
9.39730634091137
5.705021315615415
7.687506667656114
4.093652003325669
6.999164190108978
8.274852920557773
11.150505435289865
9.619585071392097
7.796253656323657
6.733297220072277
9.88378070029484
10.01033659725654
8.141019256383139
6.2487624517467415
9.052378867569669
10.283341366589273
5.197371408461495
4.905284734979203
3.5225589399559007
2.126019107045999
2.194027038915353
6.68313687768811
8.688503800037898
9.585431550248444
10.97633591525424
6.17659378268508
7.479127715737663
8.015823981812275
4.551101120614861
8.536013378094765
10.845895930135153
11.943110621075961
5.917322635649069
3.393815522140083
7.7705025784749555
10.390317060957788
5.513965888920586
4.351952402942965
5.105404680249324
5.333597581527492
3.7137085176589326
8.40029606590798
5.788824108619973
4.027113941351149
3.354807304007621
3.430753108827923
7.2630196760532275
4.143350720574647
6.1466741040640756
9.402440100928793
8.101903734350278
9.094286469636202
4.719143674411091
8.626348869808014
9.220444884234452
4.964649079753952
6.196926527652323
4.2755516504401
6.996132974215291
6.2105754677074705
9.258780378866007
5.008395765022311
4.996309231250206
7.779975234132992
2.839007638199228
0
0
6.443638023897961
0
0
4.885563634861083
0
2.228434272636907
5.754606335004704
4.963867699427984
2.3584225383256463
0
0
0
6.127906593265384
0
0.906840923340174
5.072865294838823
2.913771033705303
0
6.471492005546672
4.198558787179589
0
6.773044479949961
0.870877502715997
1.2786683852471414
6.152429979814247
10.232231116323987
7.900859904928241
10.945364269328525
7.202055851126164
0
3.4529784910779178
0
0
2.1393115878293294
2.068488364219615
0
0
5.718498240852517
6.82317849369411
6.3207596902690835
2.6387118109734464
0
2.6987031859139066
0
1.4860441585334625
7.04863158503455
2.0792339576301444
4.807858510511507
0.4026285026170715
2.333063497507654
1.6537834110922471
0.07026553426354276
3.746560526454089
9.376698656128294
5.672453430470509
2.8534655910125046
5.273074197915335
8.900227892942429
4.252430500572088
4.595058920686595
6.504588327006719
9.980400609334023
12.702555409281883
2.8144478566496343
4.755366641013585
9.581551712397665
4.348601611132969
8.04375779630878
9.417423183391872
0.511122735223001
3.959213629816766
5.324814644538422
7.045684515506053
7.6124306955229475
3.5319325914147637
0.026293316301049252
0
0.6168587887250183
0
0
4.5740361138496395
2.7540130535947522
0.09079371919072399
0
0
0
0
8.914038101980395
5.560838605730609
11.322314474953355
8.206356170969737
3.6037438543446165
10.471891378240763
14.601694861000666
6.189596842337281
9.833684990951024
0.556627853616356
0
1.9841246894836821
7.192424323402422
2.597006305684805
3.2598092353331216
0.522759097584026
4.68794583629109
9.876104481103642
4.824235854087042
6.8695524680001245
6.348980351220441
9.17778340020224
12.020897658262683
8.52238824233165
2.2309602279116545
8.934094475221322
13.994281044908492
4.584793546772767
6.069106201732364
0
6.437899497351904
10.612706410543744
5.011491046282334
9.562430050982076
8.889126469370423
5.280424095422036
2.481794314302337
8.852024507507444
1.351403952157674
5.343459628977589
10.886638950295076
13.563011553222141
12.345257203548506
12.145323818399573
6.874267665244043
9.098287592411339
5.570665851600667
10.660175116529834
8.219281658848974
5.749296363479682
6.809662679257198
13.447734436500983
9.91311045310255
2.8711364465530878
11.687245903054015
12.26256381112566
10.213510728327119
13.420551409451042
5.987669379472427
4.253705286471438
0
8.183128456272662
9.759355984595265
7.071712288822848
12.155617091957508
11.930837076481698
3.4070204963143347
0
8.607539885694608
2.7363804603081565
0
4.3813241419983875
6.587112027715754
9.692351890950192
2.935532950548618
0.9698134387630422
9.538247926225516
6.145646539508938
6.120704818928651
0
0
1.254443627614978
10.3566915763178
7.5418641418550205
6.788837225091548
7.135365439751424
7.624805501197881
11.440328884920067
15.700332063719824
18.128302286364345
7.315779219214661
14.116798629772312
5.929207304420018
4.813474015045444
8.212224405365449
9.143630833757364
14.963012013046324
9.05894968524955
6.945171844012002
4.489654397592888
13.227382387219825
3.5596328040523613
0
11.080093619275234
11.98270964823841
13.069316833269054
10.560751793966968
4.952012087373154
3.303335487471453
3.767729842480664
10.678492914253372
14.528462646168261
18.370564256500725
6.547949921806648
2.027716422532567
2.5860540128253815
0.5358933989830579
7.436060021632344
2.8608998347465047
0
4.245959960304521
3.722100175843524
7.89272682967033
4.964911157023252
0.6133558341122818
10.866901127680709
7.777808608633376
13.823637234551795
8.964223375647734
5.845339830133252
4.414437942016234
2.891475485911208
1.133602173652272
2.806817702498024
9.023123696263614
8.557464460099007
9.624817418376633
14.0048774231175
13.317428230088087
14.91602499881818
15.238914002957284
14.229562297822103
13.159757536790696
10.863686772567258
13.662910382452067
12.9967150542755
8.961974095164813
6.60084195540084
10.339573632060517
6.483551633336348
5.9522906880617015
11.859934383476688
7.641780962709781
8.977449163561976
7.309069786888097
11.522862561869902
10.525765251682541
11.515864846534136
13.455988689613264
17.313421431214913
17.638437111490475
12.71473102650453
14.42866278946723
15.453148729113382
10.364075849268307
12.857042335241218
9.415284803040139
14.740231105996475
7.7100886109487705
9.277757419622812
7.839304158607924
9.137019248056225
12.476328172629703
16.658709530742723
10.225379649899427
14.068624954818532
7.664334315712473
8.167510589823664
9.101707138109925
11.459294116268808
14.793284852509233
11.162622397831372
11.735620771341132
11.297129993018157
9.993667985284466
10.181529903551809
12.575525367295619
16.472408793226435
16.831501880833038
14.000960110404783
15.43537117548915
8.947644752850081
10.38343629503435
14.326725044897271
15.795387168022597
10.945242606556011
10.100733967504521
9.448261809751134
13.237722405046618
16.359528401992836
15.327616618779963
11.536620469858926
7.683542505972325
10.52329023511291
13.679388085086153
9.626632901250357
10.297734533651207
13.597875830919186
13.310343150857534
16.6411860172228
15.501570556984419
12.952718431327627
8.132284250751002
10.886379362807812
12.040739470056561
13.424913878554278
7.553530006426104
5.7299863282155705
11.707409886409751
7.418017574683569
10.885378935492994
12.090158559085374
15.558725509955897
9.385814385624538
14.122402640857196
8.18975009327145
14.795443747420649
15.28431972543952
15.763975543471902
13.533347288249114
12.568772910843744
9.233554064178609
7.6716806030906035
11.070499738772988
13.644584104457895
8.618297296424315
10.493859953806307
14.099805942631459
16.134445314443816
10.593644398637078
6.457232347604795
8.704660790253424
14.14152560441468
11.196874784912355
14.954060896450411
18.707107560528197
17.901229912307475
13.578038115605715
16.16599436136513
16.366771616002552
12.907193883802663
12.810633899750883
12.447551617090088
17.041519801051507
9.74294426670137
14.433709950517285
13.154445641794531
13.463406514035363
12.016329568395246
9.5239502030036
12.658340453528073
12.411711223553342
7.849492664788368
6.3270657118973155
11.011177092925276
9.99773467894308
7.345360266373028
14.056016871241155
9.955344510569386
7.6206178520046866
11.060498974366975
14.714849288806162
11.030367704420044
13.831189648005648
13.882690589899742
14.572824695719401
13.310441146692344
14.20692387071831
11.83183727764182
10.658725544441827
11.764235811529357
9.989610905035248
8.725176253655505
9.12765178241235
7.634878491218958
8.643822138891831
9.682476971525803
11.801241094214095
10.891885358150038
11.80584642889982
13.52816040074022
13.38746449413118
11.0234708062702
12.062751834579979
15.978690620314548
18.724856943172483
18.96305685285016
19.993151151834
15.875565299411367
12.858270633488814
17.077370758498652
17.36934972581399
12.289684971187693
14.270229269923515
12.14361027758572
11.019364863769272
12.55928892104997
14.701699531531888
10.777172471200522
15.32782143326303
15.1461292663877
17.2719338257548
12.029247920502625
15.631815736621522
11.668421563361836
16.444744377366654
12.206882786859058
10.366726733335312
15.21192355335215
17.072778691440547
18.73368390962048
14.636710276960397
15.73963152857383
18.96219579425764
13.815096541720333
15.504761194147974
16.91152599321009
17.676423276935637
17.198341281335754
15.402212626083852
17.980778676430152
14.294226241659418
15.045493274172257
13.00489344211447
17.820909782020166
20.39857913984084
13.852681960820693
