14.6
14.20124275
12.21819199
17.13156983
16.12447411
16.50152659
13.60471121
11.81454246
10.84169088
9.994474333
13.19571714
15.9029458
14.62460696
18.44349253
13.48505095
12.93556164
15.45856823
16.64530968
15.53108778
14.25699041
18.36638265
14.47182449
12.18357429
12.67197003
12.42781351
10.57032559
15.52598872
14.01856418
13.45746776
12.49130802
11.84848132
12.87774332
13.15034924
16.37808165
18.65708887
16.25315985
12.62462745
15.89856923
14.78124963
17.36435821
15.82097478
16.26438318
14.05083941
12.43122874
12.3998299
14.48378841
13.52481763
11.37062602
14.75024423
13.82259717
10.66409197
12.02665317
15.20064107
17.7487313
15.09436832
18.1936216
17.14997901
13.7261441
14.32499071
14.7105925
16.46097389
14.26564626
14.72323344
15.05495229
12.49999159
12.08087996
12.62458018
12.40721491
10.27408068
9.741169583
9.148524031
12.818932
15.86754193
13.85420892
15.26556538
15.99547049
17.31689438
16.25722058
17.91794895
15.26226075
12.33424917
16.0513094
13.1629672
10.71994446
12.89557027
11.83652776
15.45869441
16.89289656
15.74552596
13.74043169
12.03175843
12.91761387
14.01282274
17.37545436
17.32289842
14.82964076
16.69739354
16.72531553
13.39353909
13.16747562
10.96462057
9.681718275
15.17660838
13.03035362
12.56867443
16.8780696
16.99738714
17.33210257
13.9768489
11.48165186
12.39663093
11.31653329
11.94827296
13.72927469
10.45712492
9.234473197
11.62740496
15.81280412
11.80576436
12.01555512
16.31037196
17.51102958
14.72375707
10.71671694
11.86984546
11.97541717
12.37100728
10.92521952
16.12464874
17.10486408
15.2489444
16.43204955
17.50073752
12.27379337
12.1267517
15.1139496
12.32800778
13.48166784
13.58128411
12.17814862
12.65722508
13.99219111
16.54382793
13.57094639
13.90336224
16.25814043
12.06790859
13.53582133
11.19769983
14.01066105
12.51951525
13.67827638
14.14958584
13.68974609
16.06722327
12.67522786
14.4048682
12.96504657
14.36169794
12.9292642
11.46469719
10.33777698
9.858494331
9.64908226
15.78785401
13.10512416
15.92155972
17.80427297
13.77695088
16.2481582
12.10998745
14.96547465
15.6501836
16.79209072
14.17279589
13.79160867
10.97465741
10.5833729
14.14215135
13.47029679
17.62989885
15.99131262
17.52724402
14.00390003
15.11313549
12.99346677
12.46814085
14.11228234
14.51037643
15.39318995
11.58879586
11.72353616
13.57144646
14.55596089
13.17316183
16.25035713
15.5232904
13.28189029
14.92401809
12.80903776
10.48820273
9.515021179
11.11021319
11.77338845
11.97044992
14.62513305
12.78932618
17.17769137
14.05353327
14.4642569
13.19411911
11.58114608
12.5481748
10.43287508
11.97851336
14.90592293
11.95866754
14.87726383
14.57808421
16.73630207
17.62481384
18.55751529
19.22152345
13.03643145
14.60428176
14.24224204
11.35555042
13.29375883
12.01036666
14.83172576
12.26815034
12.75294307
12.5132117
15.77609873
15.40983927
16.82244186
14.38934281
14.29531772
15.24767134
12.7657252
15.73364843
17.2455878
14.06556476
13.37394055
13.57573198
14.57985585
11.11676053
11.52593506
14.91043352
16.66777697
13.01701799
10.12315031
12.12092288
15.02137452
11.70952182
16.20139203
13.4763049
15.98651136
11.43283149
10.52953056
14.94614788
16.27612106
15.24479032
15.73819118
15.0749982
17.29867109
15.06372042
13.98178425
11.9468761
9.157151525
9.923164366
9.734704196
8.289356228
13.20133575
11.94693202
10.13039248
11.95031498
16.14600602
14.30821443
12.10657845
14.19694095
10.47874192
10.28920716
9.850615817
14.32628042
15.61309661
13.64052336
14.89594491
17.42441617
15.68070389
15.45305226
14.56666602
10.39547345
9.155459688
8.200930227
13.89080442
15.32767344
11.48040405
13.31178269
14.71378479
12.49614345
14.79028703
17.3158345
12.48386163
9.602957569
11.33354063
9.458104792
14.97927439
14.98201076
10.31528925
11.01294545
11.72357102
9.505997084
8.648422034
12.48757028
13.29350918
12.9071814
11.15832195
11.3502281
12.13569472
11.01845143
15.41510486
14.72736318
13.64094752
10.38157458
8.796957815
8.483520077
12.9997957
12.50476537
13.67122236
13.05690416
12.57126806
16.49305896
18.98618765
15.33274582
8.573824075
13.58263703
9.671223889
14.1248376
11.28827616
12.58607296
12.35907516
8.013575358
12.28659413
8.61311425
9.900814938
7.492814489
6.701392968
13.75094806
8.949368754
9.332601994
11.87640559
10.74892371
9.180093463
12.42483577
6.2569145
13.47382124
8.961733881
4.786980108
11.96453341
10.27111467
6.949264433
11.435623
7.311730802
10.81166056
15.42053008
15.70253553
14.18168655
14.19571446
7.883742377
11.45393364
9.128649075
10.44287101
9.355712171
9.771704618
8.201987206
15.05703539
9.749346269
13.74131494
6.702865101
13.13061068
7.100525241
12.4232944
10.50287989
12.85641231
12.7469725
14.11470475
11.08893833
12.54528873
12.27714002
14.55569193
15.60921189
13.53956519
12.0184911
7.895713522
7.694707103
14.78797289
15.34135321
12.29862769
15.15873291
11.87928624
7.674200826
10.04918215
6.131579143
11.78277661
7.705986825
13.3985865
14.99844948
9.450088909
8.651140778
9.504690446
7.454820824
11.81412804
10.46258107
14.45917649
15.3505326
8.307896434
5.143116943
8.383519886
13.09539373
8.515529324
8.771440809
13.32811709
11.29559575
9.787947083
7.083995324
7.675271316
3.977326699
10.58718918
5.171655779
9.983790356
15.13314911
8.01470351
8.736947375
5.433817636
4.916062346
5.014986057
10.60152749
11.72621403
14.45747725
14.38686541
7.379928591
14.0277142
7.752655926
5.997914208
11.89580326
11.94820078
14.68104393
16.78970032
10.36584785
13.23151159
14.96155126
10.66759952
14.3131133
11.79771293
13.46400269
9.144630014
10.82156727
14.56177687
9.365810582
8.392636605
8.853186148
7.081703181
13.52393949
10.32755673
11.93169323
13.90386925
13.30845667
11.96986063
10.75729635
11.66618858
10.6296581
8.989612736
7.87069276
9.581265807
9.857921779
12.47563009
5.510377803
5.980438947
5.194190772
9.871051179
10.61917166
14.19293384
13.82760357
14.43283638
11.19700293
10.38740492
9.826886699
12.85239939
5.834375832
4.644406733
9.148351511
4.81317244
8.441027309
12.33869037
10.03544192
12.65847305
9.605963976
5.277026583
12.70645926
8.935274284
10.40142548
7.410065517
11.92159401
11.61900272
13.22887784
16.28291142
7.638684861
5.222380138
5.401105417
3.069138619
5.351022003
3.895347059
2.188225758
2.988356094
6.574667131
10.66892581
12.31618541
12.35519569
11.64457432
13.0018829
11.72988382
8.410370673
4.55509176
8.093424118
6.699367001
5.233524162
10.64058769
6.223058534
5.487029774
3.411099067
5.390529331
3.82353419
3.555696718
4.940093378
3.363521892
8.645851945
7.186130926
9.899281551
11.01829624
12.19818098
7.373605769
10.99601625
6.633105985
9.891353677
8.867077376
5.502625312
9.969460346
11.98673835
6.317974378
8.791461254
7.834019098
10.76230776
4.995162973
9.885971507
10.17283467
6.240093789
8.165208598
8.008860597
5.317965661
4.823901903
5.482602777
7.573509283
8.674342677
4.681405684
6.182435727
4.656956463
3.932962513
4.574293559
7.450444454
7.448983526
8.866125739
10.95369909
7.925247783
7.683893666
6.858293807
4.837202182
6.205481964
3.431750973
5.993174412
2.989837448
4.264959194
8.830453969
4.056054967
4.910878766
3.753537125
2.551135143
2.831423598
2.459935525
7.291251516
3.262187766
3.792085568
4.000332723
7.32741752
3.226558063
6.265737025
9.900043641
9.577345063
5.86029111
6.985099167
10.30429894
11.44360665
11.66855489
11.90924492
8.745031092
7.007082701
4.605790516
7.170145881
8.868073292
5.518924588
3.240861151
6.011115646
8.668281073
7.073254605
5.914273226
8.834098591
7.662045751
9.069817982
11.07701709
4.766100921
8.160105765
5.363752049
4.58994215
6.861512147
9.406483336
9.607063595
4.982299714
5.430245343
8.18204129
4.779635619
0
0
0.064657385
0
5.897601548
9.719822499
0.568221382
5.326123238
3.134696769
5.409737101
5.717336603
3.920318802
0
0
6.984335539
0
3.325727466
5.519904425
7.10044086
8.880575383
11.8213173
5.492505935
0
0
6.469169524
0
0.81389027
5.741650851
0.470336735
7.160279085
4.147080799
0
3.640383911
5.723261357
0
0
0
5.656152639
2.878243081
7.202090058
0
7.520960216
0
0
3.314047809
8.77877779
2.334720356
0.083608377
1.387953491
0.109132214
7.744926848
11.96412908
7.505099741
4.3492015
4.13030235
8.113247417
9.859111314
7.375818624
0
0
2.289869322
4.964852668
0
8.117283161
8.374206525
8.524638211
5.059078103
7.575307856
11.17410276
6.25332443
2.324859517
8.682708664
12.09100797
9.310717387
5.997021295
1.739455725
0.142614036
0
3.731589556
4.946594584
2.972866072
2.857548556
9.930775557
8.763264959
12.62039896
10.23043269
7.216360013
14.39151623
15.52619825
7.70370842
4.507927339
3.287864235
7.42660191
1.039251001
0
3.479291312
2.478716757
8.97196096
5.912085669
12.26218396
15.02364019
5.985007346
11.05975205
16.80998837
10.79489337
2.965803302
0.390146517
8.270268695
1.647713445
10.55527143
5.429123252
3.495476352
10.91734775
5.634975751
11.58567445
11.73331802
17.2375119
6.942937902
12.2917787
8.941657231
0.491256611
5.102725144
9.811665216
5.0055954
1.657954252
0
0.601386953
6.508900682
1.065429924
0
2.097611476
2.752960363
8.697055729
12.20214444
15.6815398
7.190283599
14.79098652
5.151464475
11.97276459
5.735914965
13.42433817
18.18049689
6.067079042
14.4463318
19.25297644
9.877523601
14.93586191
8.086649276
5.565213197
0
7.980887291
6.844541271
12.48148806
9.447635656
16.13521523
20.3570762
19.26944504
13.75438827
6.680971007
3.0800744
13.12914178
7.503222872
1.165678248
0
0
10.11295353
2.765826971
11.45046737
7.644532858
14.71013243
17.69172346
19.29059611
16.64342678
7.266327915
4.188275818
1.273223305
4.981697901
8.719294694
13.10938818
14.3395822
14.04248108
14.84294547
10.80816849
9.453823413
10.16686218
16.92539135
13.61576171
4.370162751
14.27752036
4.751499928
2.711924694
1.000355475
4.246633399
3.283099821
4.218454468
3.616405657
5.861078784
11.37879216
6.526544215
12.72172573
17.15948413
12.84800943
11.36164465
10.10733402
12.96306323
18.01216747
8.607577946
5.839124974
3.741550832
5.819553217
4.947772065
9.802103685
7.609013578
3.528357664
1.467990728
1.804625224
3.045338655
5.236752843
12.39120142
16.8081137
13.09063742
14.39806537
14.40587397
7.632249253
8.01000889
14.42758519
12.94564379
8.653008085
6.021192615
8.255475178
13.08567775
13.32972336
11.71135573
10.9723118
5.316928686
8.979145723
14.68586838
9.307557458
11.1255216
5.782886665
13.70587844
17.70087548
19.59989452
16.16704772
11.29335021
7.172424442
8.252929611
8.249897129
12.81500409
14.66716559
8.046957963
4.983797282
9.322839163
6.841576758
13.24822011
14.59402248
8.301615084
6.831311547
12.49287527
9.901684237
13.9191427
12.09720145
15.12019153
8.084664243
14.88174525
17.58713851
9.446099978
10.50273181
11.90151355
9.619508656
13.68570497
9.197940354
14.07725384
8.033142887
6.228590542
5.983679502
12.20575928
10.7414136
9.148222494
11.34962443
17.1052024
13.86952391
15.55287183
17.87051299
15.14113602
10.6550283
16.704037
14.20875772
17.80740649
17.75033734
19.48875023
19.14141632
15.57359386
12.3943113
15.74397662
13.56227
15.45220522
8.978373175
13.14232991
9.518602875
10.75344199
14.58034788
11.00987011
13.55955024
14.57438473
9.852647358
6.635257411
13.23266307
16.28691421
11.95325438
9.057268875
7.27963957
12.42749961
17.64159792
11.76081234
15.53083606
9.348653485
13.30928782
12.61409569
8.263715197
15.30941168
9.237042457
14.4087954
10.39187568
14.10850941
10.59587449
10.02203702
15.11352542
9.413592158
9.896488127
12.8592768
11.52618511
9.774446697
15.40917106
15.85392003
20.43678079
15.75498938
16.90021262
19.98433537
22.58150091
13.56318633
9.937142672
10.24226413
12.41150004
7.983281852
5.052520919
8.559563268
12.47264382
15.45343208
14.32205087
10.46578247
9.839606375
12.17411043
16.17681916
11.61265837
13.08287502
9.464797864
10.3936287
9.924487592
15.07282765
12.44266293
10.78722935
10.18136447
15.70274083
19.01314207
13.2772973
10.31746663
7.866725007
6.474243129
9.010178113
12.9347801
15.03660187
16.25335231
15.75973097
11.43582438
9.398105069
13.17915414
16.52578164
14.95445539
17.8293968
13.70912988
16.72628393
13.5560624
15.41367056
18.44400177
18.47647302
12.94835606
17.16821286
12.27157806
9.757450521
9.221596325
12.30443326
10.60156291
9.350373954
16.11811817
17.00101441
15.27420827
16.48524386
15.19838133
18.23518375
15.44821707
12.38220192
15.88486766
17.67823554
13.43356036
16.39602092
18.69697864
19.67284378
14.0202674
17.02770721
11.84138021
10.85628313
9.020057418
16.27482795
14.50511241
16.66973321
18.98935212
17.76027309
21.08942893
17.4978978