13.998837263381574
12.064605639722252
16.57753606056803
15.627285234005914
15.969433914798389
13.28178545018606
11.621388233947009
10.718591835993987
9.93252603928494
12.89825381712319
15.40614061818199
14.220509221320873
17.758438364332658
13.162303656840148
12.651931959849497
14.988833366932694
16.087371872190936
15.053577931939833
13.871585953792692
17.67846505751034
14.067987100952742
11.94605127071856
12.397220997781114
12.169511163295258
10.446711625216116
15.037709048329553
13.639324851156815
13.118339092723271
12.222158061311845
11.624470871534493
12.576666223230335
12.827811383210518
15.817563314115947
17.92816008428942
15.699071598284807
12.335147816717356
15.367805628338036
14.331042650492119
16.724007844593473
15.29314423719618
15.703542745748383
13.652016934961768
12.147857289421953
12.116628747332944
14.046190877940223
13.156044637250655
11.158367249934027
14.288943791360664
13.427967792227163
10.49964990260103
11.761051140011887
14.701133110068719
17.06120491923593
14.600144131602322
17.471011741560936
16.502647574154715
13.328566049491526
13.88234400348901
14.238512765960834
15.859447295688257
13.823237562700196
14.245926428684474
14.552450226119195
12.18406977373418
11.794768000715976
12.297625376571458
12.095199661194416
10.11743162452577
9.62262931977683
9.072496002596262
12.472989974489312
15.29727106917542
13.43015095214676
14.737314057029762
15.413148874670782
16.637471230427312
15.654517344333247
17.192747552897618
14.731031539410896
12.017009671974957
15.461040128144909
12.78384048647118
10.519350680148008
12.535006911831967
11.553119506799176
14.909154912712077
16.237786645152045
15.174259884122495
13.315959007760409
11.732372077348682
12.553168873809128
13.568003199736767
16.684084342427887
16.63532002151974
14.32474197373666
16.05555893855133
16.07968437873663
12.991343084307148
12.781495683781774
10.73986520693268
9.550777494160378
14.642663942833321
12.653391629535989
12.22516826636221
16.218263940754984
16.328288071035104
16.637825098750177
13.527749671584878
11.214615306366843
12.061645472755984
11.059762721914403
11.644197640688171
13.293631819609473
10.25961315339785
9.125537743414142
11.342320845438605
15.219954615892622
11.505459375462596
11.698665461683763
15.677636781755664
16.78929325580293
14.204624673858067
10.489741549870903
11.556879950296992
11.653251871772857
12.018376131312735
10.67707538341119
15.493927521460366
16.399946356481667
14.678229254267402
15.773442193044614
16.762893801714572
11.918395755537066
11.781578482288333
14.549325574159736
11.96489390263522
13.032076520793336
13.19957473123467
11.929787631647834
12.385633880177707
13.626870293098296
15.992363205573941
13.236089052573272
13.543197022785806
15.724583335472865
11.8403222461997
13.199343534739484
11.031224034077248
13.636610827442304
12.253333435033904
13.325715851646297
13.761031302105081
13.333470740162877
15.53528709104469
12.390532864261836
13.992062240698449
12.656449745073775
13.94943828608421
12.620895021437622
11.262656361765544
10.21681486974878
9.771317726673395
9.575984073801884
15.263602670795892
12.776353545671345
15.38532545782873
17.129057621369583
13.39577975905843
15.684835553192816
11.84898540128475
14.494251250879426
15.12813265841772
16.18582274842757
13.757317952008533
13.403101942293993
10.791754261954726
10.42836067344031
13.725600103847276
13.102355212227646
16.956520768021942
15.437554814511337
16.860485901284964
13.59473444213889
14.622197138384252
12.657565279994163
12.170577715717448
13.694114221823202
14.062964613550722
14.881061291080048
11.354379449532274
11.478768064710204
13.191037337369423
14.103270853747981
12.821679818445949
15.673140433497629
14.999096842145228
12.921625155264334
14.4429503511378
12.482502449968479
10.331123074061484
9.428553688121038
10.90608301468529
11.520228227095814
11.702111980332791
14.16135898418817
12.459490943936341
16.525445300081667
13.629402455839424
14.009107329897368
12.831106009416375
11.33532273019824
12.230363138298443
10.268924363920354
11.70007113164316
14.411672901579237
11.679170161994957
14.38257412417883
14.104038951653827
16.10276016888464
16.924809689753918
17.787791526602042
18.401735130316606
12.668560165482635
14.120044542256164
13.783058531279275
11.1064245609699
12.901027623655413
11.71013498981874
14.323142975354688
11.945908805332595
12.392781756096303
12.168767808229017
15.191308623631208
14.850971277899212
16.158807430923403
13.90268237719413
13.814112055149474
14.695195288928284
12.393674750333634
15.142607772803714
16.542281522095745
13.593891663899925
12.951511103001708
13.137050666612833
14.066112095746718
10.85540561349331
11.233169995531377
14.368190379188555
15.995310817161334
12.610726960410485
9.927583338100355
11.776775163572037
14.46297332297981
11.392786456306348
15.55460468156545
13.028183232715751
15.353265627130916
11.13218629428373
10.293936620920727
14.385703149624192
15.617082703887917
14.660236185511298
15.116384326161292
14.500705325192701
16.560318826977333
14.488140969032361
13.484538429611717
11.59784008993042
9.011708218692874
9.720724460678138
9.54528550238359
8.2051723592334
12.756514595007012
11.593475869071476
9.909563909030972
11.595640749107226
15.483409544493975
13.779961711513286
11.739368761160891
13.676207725553903
10.230233795071303
10.054326342426856
9.64767899447148
13.79520321126453
14.987308090745898
13.15912712229234
14.322377052134264
16.66535361630023
15.049216571903195
14.83795384195116
14.01618095638759
10.15032702677104
9.000776180408833
8.11546121174958
13.387663649008662
14.71877913304739
11.153134401729336
12.849717273689677
14.148272081516335
12.092395133549509
14.21755646145165
16.557120843547185
12.07840295977166
9.407737446858555
11.010549836654029
9.270983537409075
14.386497241336958
14.388295970409722
10.062635202060289
10.708046732006698
11.365383356529888
9.309462392176055
8.513995035179903
12.069090702307136
12.8144489840741
12.455408254135923
10.83348750196157
11.009998716866049
11.736519267510815
10.699775146962748
14.772761824623487
14.13400668681287
13.12578780867463
10.103870337788633
8.633960563830176
8.342055733000922
12.525852664376426
12.065630745218929
12.969673793026946
12.325786337422432
11.84378446804001
15.46393090456398
17.76754143292001
14.378175551058685
8.112231729579332
12.752062364609294
9.125676821637661
13.251301139253211
10.621114673313128
11.821417054140552
11.609638382902862
7.581617089192479
11.540168760025189
8.13454365168862
9.326434953194262
7.093913065575361
6.359657733118187
12.890539207859646
8.439256967730817
8.79294598174218
11.148925482950562
10.102734592833869
8.64755693980533
11.652455173415945
5.935063505259911
12.621698157681102
8.43911904328264
4.569206505706963
11.2196022907189
9.649565167890492
6.570596793410823
10.727359563535753
6.904907330692193
10.14750964345002
14.417792755684932
14.678377203386653
13.26827006664819
13.28057691354134
7.430603782009465
10.738571751466374
8.583243987225472
9.800751770651324
8.792960110366309
9.178201946152033
7.723316582130565
14.075742649631593
9.15695070939923
12.856234573662643
6.33405211319831
12.29082999078139
6.702721442014559
11.635256155710628
9.855389780847355
12.036130550678955
11.93446711114927
13.201727534634198
10.397364024952795
11.746526404109234
11.497535369085234
13.608557263503382
14.584289608605435
12.665719678330802
11.255466463168894
7.434159602088567
7.247085931108151
13.819618458567753
14.331522245028722
11.510849371876272
14.160325099248073
11.120201539771843
7.222266542502204
9.422078600219173
5.790486453822929
11.026347743842766
7.24718136165097
12.521305941655612
14.00263540742267
8.859620171297161
8.117889344837417
8.907524957684966
7.006535360802293
11.044943397951023
9.791035809300572
13.493247256524004
14.317778616124329
7.789791344686218
4.855421774621135
7.856766236905487
12.221710619856527
7.97595256108195
8.211528876428408
12.432639064882139
10.547490436282402
9.149119168730426
6.642282720495704
7.188050835363674
3.7583461964791534
9.881644465655615
4.861699567423405
9.320114702430772
14.090720506145068
7.492567004357461
8.160369205463347
5.097823142412999
4.616496157548809
4.706665949655534
9.88268855052538
10.92406839941852
13.453082574582528
13.385950065301248
6.891046389206618
13.050144165896175
7.233612392490979
5.606115755691926
11.070378113654446
11.11759640753398
13.648834767748664
15.601681668250222
9.647420283306069
12.301891550464013
13.904038004217185
9.923774906747214
13.30110953197564
10.96913988608711
12.51241863030604
8.508769009511552
10.061976412966446
13.527247583177616
8.711342031427115
7.808782856954004
8.234934675008347
6.59271973157899
12.562282991247919
9.599742031038556
11.085918079157619
12.913205612915768
12.36113023671664
11.120371443660353
9.996443131935727
10.838557739761825
9.877913252878813
8.357246092234538
7.319982468702824
8.905024435143783
9.161283062475285
11.587000919918982
5.1321081655925385
5.567522335132656
4.838637544018723
9.172419521132865
9.865335723773804
13.17675835729062
12.837734891316085
13.398084693865375
10.398840150418504
9.647939418040252
9.127836079478609
11.93085372947791
5.426434161916167
4.322838019647367
8.495792656959676
4.477428252235873
7.8384065836128265
11.449349178805452
9.313827420434613
11.743480742589057
8.913549980241186
4.900741164838513
11.783786166516371
8.287526887354028
9.644859425120996
6.871424244674521
11.05093519458387
10.76954948080807
12.260615131361476
15.089627793866526
7.077620661076157
4.837005266434534
5.001183782971895
2.838668361149166
4.951826207327172
3.601356344457299
2.0178526422501104
2.757804332856533
6.0797030038749655
9.872312305816216
11.478313433443978
11.546652965604547
10.900589970923345
12.16268065251328
10.984754066185435
7.907973226415969
4.33411232742254
7.611723022271933
6.318370691832833
4.9584588311879685
9.9677079539581
5.872887047107245
5.189917895473556
3.264031713245215
5.09663802688871
3.6429175986406515
3.393205657203035
4.674666265555593
3.2122119552225716
8.105954001333059
6.751807948677354
9.264712906108906
10.288654810291813
11.376585840282141
6.903312489797975
10.259230658105919
6.215598466001374
9.234715991807175
8.285250404629549
5.1671346778783995
9.306292637646061
11.175397188536827
5.921736431245422
8.21346910110969
7.325670178554978
10.038740422592412
4.693652462833681
9.225332899638907
9.490481973740664
5.8452684580871725
7.628511541864915
7.482828093591619
4.988278955915865
4.529510824992299
5.1389520929105394
7.075582327445641
8.094683173790989
4.39333990088405
5.7832687093329325
4.368504188920849
3.6964602816737453
4.289656408961758
6.953847603380945
6.951291196037769
8.263303170293689
10.196579791710942
7.388778249610198
7.163771179835688
6.39732001208054
4.522995023834578
5.789606626571809
3.217749260437628
5.589978641409249
2.8043801448112298
3.984146839493717
8.213331534304805
3.787269631565417
4.577897994870357
3.504295077432715
2.389123897203538
2.6476093424947407
2.301927206137244
6.777638398492652
3.0423499710803026
3.5318381142048993
3.723246563463319
6.804891125553496
3.0030061055333577
5.81785520850717
9.184227318535662
8.883630226122161
5.437470342704902
6.477442871248993
9.551944171048959
10.606731654206234
10.813905942907299
11.035559149555814
8.101836226655657
6.489009437244611
4.261974801199437
6.637258905596767
8.209878655129053
5.105089879446264
2.992818517797954
5.558843773592038
8.020417915674644
6.541605646397203
5.465941975513752
8.170431865860794
7.083104986985102
8.386617523121764
10.245697865138133
4.396429366019645
7.540846951711417
4.948696272902705
4.230901737298865
5.9548125618544585
8.110915570823767
8.19096928994749
3.8497865328857115
4.236449109084722
6.771933650473257
3.6116620243478366
0
0
0
0
5.085848680957228
8.426599679441727
0
4.278813513660217
2.1796395909871116
4.252649041973497
4.52009093889882
2.846600907696007
0
0
6.104936600066239
0
2.7169128155821953
4.557235103540289
5.91996351263116
7.51622959978206
10.213903454850946
4.335214442034039
0
0
5.638089207617517
0
0.3983501120743078
4.775811828324067
0
6.04923591295395
3.1773429028249573
0
3.02190553567834
4.765099196327447
0
0
0
4.892718395387506
2.1326442075289247
6.04080425470594
0
6.622233827521527
0
0
2.724560607813907
7.60415592912545
1.5339950887600375
0
0.8988087286877411
0
6.7783037855676715
10.530285179780725
6.314796751478447
3.346834289516485
3.121916701186171
6.802074866017591
8.415362846396205
6.112584486474477
0
0
1.7873556427836075
4.087896718617529
0
7.189565598529961
7.2510343344150705
7.297171430818366
4.036880294142266
6.343738657903664
9.666529666760201
5.10098934310754
1.4587166748050358
7.350799629248062
10.510566093738861
7.9358887485860965
4.86720002497056
0.9239811540065661
0
0
3.142102354717907
4.1005393602345155
2.183180643175289
2.0302959778734975
8.561636019116259
7.42506620226093
10.971527027841175
8.742968730595546
5.943559592094573
12.590579031243978
13.642094197543555
6.394537550555432
3.4354301325744085
2.3066007551016545
6.143467343630388
0.22603414885676987
0
2.883350526912521
1.7751140106875258
7.696764799994688
4.810976914540088
10.669712570443172
13.215718158728166
4.833338333095809
9.53378261985672
14.862275077737833
9.288189017842722
2.0332896127294715
0
7.13896255178577
0.9155122390104813
9.124593770542495
4.3502155896666395
2.5458475933581504
9.417391204258518
4.519100874738509
10.032064310360159
10.16814950802038
15.26888197178496
5.728885386509969
10.68578097109441
7.582236967375713
0
4.162854037281334
8.468821825490277
3.985241218057803
0.8681058781609687
0
0.23914843647105855
5.544392723000075
0.41054711605740835
0
1.6302069385958164
2.0712041045746243
7.491942422071976
10.69439758174151
13.895456549375906
6.015212420665362
13.053882763765378
4.119379889192854
10.440494730343943
4.661223270111827
11.787537356276118
16.197014201771278
4.973637338658963
12.741100413854737
17.19792386132015
8.512189933208703
13.202400104727746
6.8578611102279154
4.52392308792062
0
7.104503783328878
5.897813380116079
11.041504983475683
8.188485921138387
14.364932264194811
18.26731209780161
17.25459318287676
12.141748093754694
5.586763942615857
2.250818128537146
11.564879741163736
6.353034586274134
0.4818270977246062
0
0
9.096348663498556
2.1415708185835314
10.112444535594754
6.544955128140364
13.071737541880173
15.82424130463787
17.300872989476375
14.845548372480792
6.155073523890291
3.3031826393600774
0.6022906567789716
4.039432567797808
7.503709992552164
11.572683560418685
12.713323789249449
12.438547445741705
13.180813657439812
9.442165300328671
8.187408894309034
8.848422155407714
15.111785977262898
12.052081099256004
3.4890423224167852
12.673898500077883
3.849066847013339
1.96162879280259
0.3779804269598417
3.3887039684394535
2.4981255006924306
3.3672429733673788
2.8116458008309175
4.894143706505032
10.009822322906015
5.515619186735895
11.259172169202042
15.37414579763579
11.381207904970166
10.006388794341653
8.84665427956036
11.495776802713474
16.177563229635382
7.465041532391954
4.902284368028485
2.9612099619912455
4.889018337150238
4.253884826141519
8.848364575643743
6.868422158173673
3.1160168799302683
1.2222238818318418
1.544775018182583
2.7007481572226326
4.735397110386719
11.368585097371083
15.464449725315212
12.02185367860394
13.235700885365944
13.245058412090618
6.969935062966115
7.321954592880952
13.271024108463026
11.899472740561908
7.92315918938322
5.4858750243915075
7.557960856152836
12.035616618282587
12.263155266823919
10.764688544813751
10.08104313635438
4.841347728243983
8.236281458367811
13.525802504563048
8.542676087551465
10.228286633203284
5.278380284511324
12.621516729452757
16.324264160155995
18.08450001369073
14.903661350304175
10.387531013357478
6.568950901744407
7.570530881167814
7.568286924443868
11.799171198443917
13.515894474452066
7.381156089903437
4.542719390967311
8.564063329191
6.265081949858704
12.202670778868823
13.461217079237777
7.63708591455035
6.279364955277219
11.529069680279102
9.129979538896865
12.855235382316037
11.169115253894836
13.972839045690952
7.455275757068487
13.756488246839494
16.265930881167264
8.723942382497647
9.705519660033271
11.004188082548065
8.891858353462329
12.662466282316656
8.50606997142079
13.030204311454566
7.431534253483717
5.761701954990533
5.537193925301101
11.30680828291859
9.952831707312827
8.478597762954806
10.520379612914997
15.856140853360701
12.859800619687757
14.422022003369271
16.572062830291785
14.044994760649967
9.889934694516464
15.497787149948987
13.187556346047288
16.52456173786805
16.473749903432275
18.086792674329168
17.76694788757395
14.462631053099965
11.518341710449842
14.624433561845704
12.604496570679865
14.357656440444405
8.35999954169844
12.220304261388172
8.863578565406861
10.00921336557212
13.556843600054187
10.249213196612574
12.613085836098822
13.55451525310992
9.179735989318566
6.198966494156968
12.313410147597848
15.14427516004288
11.129027153736542
8.445849204298206
6.798935213150398
11.57035368566819
16.403390151258037
10.954234448546911
14.4483204082913
8.719539528354055
12.390111736178351
11.746076883739274
7.714734348335113
14.244221395135854
8.617173313842308
13.417326936568177
9.699796683800912
13.147154579354051
9.89412232957122
9.364422230944905
14.084754672025635
8.80457588078895
9.254034798458704
12.001627637279153
10.768222478495368
9.146902204413045
14.370704026019
14.784957953732327
19.034064309279593
14.697598221502057
15.76108842279487
18.62140579755907
21.030503981133286
12.675510158782792
9.317608447415118
9.602779030060173
11.615498931922911
7.515632652734627
4.802983305910482
8.141386784676168
11.81549222370883
14.60398537083587
13.570807289545598
10.006618688500122
9.432651576771198
11.600680337462283
15.313746034073304
11.087344548420727
12.45276634480085
9.10266067519622
9.96719148397307
9.534995687074563
14.307903944832415
11.872554630909107
10.340507960802768
9.78104892415089
14.89965262726945
17.969223173487002
12.655484172798877
9.914411338857313
7.645176906409884
6.356025062120315
8.707418341837386
12.345692668145434
14.294729997373407
15.423476858553075
14.96710821704947
10.961058472714567
9.073514178637327
12.578417617761882
15.680526804441065
14.224881999264467
16.88948341008333
13.071558288154511
15.867851704504949
12.936057956072371
14.661779169060601
17.47274609972541
17.504764976320967
12.384508041602217
16.297297130167614
11.761512825445788
9.433457309898841
8.938590942540582
11.797142569395824
10.220749996692174
9.06296077798302
15.336407869552005
16.156358970286952
14.55791031976159
15.681970255160167
14.49120911802918
17.307223634398177
14.726334546094611
11.886882801272645
15.134730352479679
16.79860505086913
12.867022526500088
15.614359113184422
17.748704277847153
18.65509835588032
13.41889824312333
16.208026006671446
11.403998312673883
10.493340150555209
8.794002040151366
15.519380366509653
13.881760368567672
15.890144343023577
18.042183874688327
16.905062896514238
19.991786538560504
16.666039411325492
