16.49064331038004
16.87432334469338
13.463441115475895
14.127603542251013
16.42205430389751
16.23158285083548
17.497450357902867
17.611990142016626
13.209081769674597
16.014593433813317
12.05783778935152
14.374231948248964
13.512343624430033
15.63576086955795
13.749967689767342
12.61784826169931
16.64834289454193
16.230180088250208
16.65164379119068
16.88387798638231
16.296034824790496
15.366284804240216
17.05504556135976
13.571657783911785
12.781984965863783
15.943471339999098
13.073910466798797
15.037806418868064
14.705652830574804
17.57560912650496
12.497353377699724
16.027374970638082
18.430397539185414
13.29250880871723
11.94905075853878
16.56427953933216
16.99539259839495
12.450105984538034
12.774954395108573
17.014879133712668
12.312877005048252
12.441164848947034
14.202447381556414
16.003351360750532
17.820863691058115
15.671796329773597
17.594369730475286
15.893288274948816
14.904651451078388
17.378172155429667
17.051791300385705
15.760900675464761
12.586544079117866
13.206975725173484
11.166059169443406
9.767261165274785
10.050507767262904
13.257184320446049
12.159663772821736
12.097308216978705
15.622859677518772
14.995828963929375
17.693471206445896
17.53369977893653
14.630073808288827
14.421942837883783
15.068132138051707
14.319481400279027
15.616428352168437
14.196610325148985
15.214323397102063
16.03550805010813
14.882658161533149
15.881342686207764
13.263367338694117
13.115158998630697
16.005114790558693
11.547076102202789
11.839711370879666
14.785617011069869
16.54737269696742
17.546666268113082
13.312173495898232
16.19058222615355
14.153935490330369
15.184761620509482
15.881209194642867
16.10321181054871
12.221438869178801
15.855820973328635
16.830562185140778
13.464701929975229
15.698193172021538
16.08980695205474
13.626003912042238
12.7338198662181
10.924133582108508
9.698141207920482
12.756140649458187
15.376181311235287
15.119420321253468
11.642774767994398
12.413529451055663
10.306872743374363
12.388335274300788
11.028320779915113
9.311024415786875
10.94609459264243
12.765337900726664
16.47921370301259
14.988292794190773
11.79960171548232
9.78904490052434
13.782863878212005
15.509942305062792
17.504699913951114
12.130744785961486
12.777337795707094
15.932693215208177
16.162380068460887
14.028056970726173
15.007054685838352
13.046535745348205
14.171256607254131
12.338585968456874
9.8121488024025
11.104662643021033
9.004838304084435
8.71233078560419
8.848301580127618
13.142073003095556
14.3868261820744
10.591557831541323
10.420531806819264
12.16383247127668
11.84635834858223
14.464297161742865
13.530706845220392
12.20060749709466
16.21792369748067
12.367787518665502
13.275891039909725
13.432506236630731
13.890718290480496
12.149956268349971
13.472447315730479
14.012287164761934
14.890161153755413
15.775978379408093
15.004527483623685
16.86320645557519
17.227660339996866
18.098942898976734
17.388222226073452
13.229069491802807
15.869107259207972
15.962519561717198
13.998706443189784
14.567563208963637
16.523876299398264
18.05474254359173
18.61654095742066
14.789415399867469
13.71660032499615
14.38994859850915
13.201712575043304
14.890774997623156
13.725039968458544
15.357108385028436
14.236326647741159
10.972594487612698
13.062891274194092
15.325236663621585
13.996478741440264
10.912436529045202
12.676310482331381
15.398024327263943
16.327807402591482
17.042692934917298
13.152137841558787
10.863433394202225
14.821612391893183
16.39815647337212
14.528430520083887
14.876723660480959
14.0915793644836
16.48715231209867
14.761893688347099
16.168583388165004
17.602885789993458
14.547450554201788
17.192918158494532
16.169365932557735
11.756483491325852
14.764343226565277
11.49872887761563
15.381716674139586
11.41653852380941
12.749023447333938
12.301901963349305
15.297587566148284
15.078591907795905
13.65742402350193
15.515097966772649
16.347997255708044
14.300522906521492
12.244793004029889
12.974770109240925
11.743765327835163
12.352067894578461
16.382773532929754
14.732147228443587
15.960716768497923
13.606911129209225
12.94802219823246
13.327497844242911
11.15073741967682
15.879004765288727
11.528903881467343
14.288279650267775
16.42347523205022
17.766805973602374
13.134589310399171
12.720193524355198
14.196018963737249
12.407620638341418
15.302955618781759
13.242366839583786
12.105626045848842
12.350240636297247
11.232895694569535
14.939952568340676
14.419923166709612
16.057161763813184
17.126356903825165
12.44614065286666
10.550428847642737
13.93298550733061
13.005921729184703
12.67457026113699
15.447431734209736
12.739156416640903
13.458784163537207
11.42229320447785
9.83138915222726
11.34902749326131
15.357557082525435
16.286078148662437
12.942218357780854
14.526594057762015
14.179690109840061
12.485931146964182
11.371132225760482
10.037997714320568
8.746719875978197
12.383150007785613
11.032948319058823
11.52372244556816
13.910854687434274
11.575666717598732
11.390886911036507
11.836483490238322
14.603912145785912
10.96623032890593
14.024806187632844
12.966662954796103
14.57742101721613
11.322640139665822
12.417215908465428
11.803985082751232
13.46863381522785
12.031843974753674
13.089136078479058
12.52910192252812
14.749482589396983
13.811690533539203
12.355305526423074
12.808573551055575
14.25700781277559
13.529773896420982
10.036377704922643
11.766847542573059
10.294868021797917
10.079773472482236
8.324859646959819
11.644837434481934
14.222720993419564
14.365596006301256
13.75881479194419
14.56591764734019
16.22747296120024
12.732236324538647
9.678146444141671
14.441810067125367
13.964877957034656
16.287675470691564
16.45619247983975
17.25131394839636
15.650324631994174
12.983974658431574
14.05772919527411
12.771081642359732
11.297783105930693
9.281708824086484
12.884171856005032
11.7786043090093
9.91868260458035
10.201908124166197
8.583841613628557
7.833602513374637
13.090018948703335
13.747557222806002
11.359627502720706
12.325005956688571
13.917367222192148
10.12541489943126
8.202115351693964
11.374714190888252
14.943749817162267
11.106368322159692
9.89437888586704
12.234021629782031
11.470622797341548
10.609697099506903
13.826130333524704
9.708610194738789
12.298273227288751
13.432006642823207
12.2277373225273
7.07400909904708
12.17710986786928
7.835865395487174
8.940226751152677
6.665047963069787
7.319042799722226
11.311974508511314
12.156899216088437
7.050058224842417
8.743144223895026
7.710168680788459
6.971261654657119
5.648805506532478
10.432157256523535
7.067617424165013
6.259236180122484
6.824507726860462
7.558701835507035
5.925827599146649
3.6205384993342955
8.903248415011983
12.90967236993508
13.862526990712656
12.029915934044823
6.707096909163631
13.55781806077745
10.149400196830232
8.417608873020193
7.989810943840583
12.342359243081944
12.941767882007685
13.08680925350643
11.929620710621425
6.5989324386635015
9.818270627936842
9.237116907800031
14.839591274628471
7.18239999098757
4.692416512868885
12.930184853266262
7.986765233738518
4.813955597225584
4.497912655449157
3.456308241986817
3.2222424695090828
8.469296716290607
4.904846505309428
12.194573738224147
7.1620069986076125
10.517794017829608
11.815063184388205
12.153169197925548
10.073411453507111
7.187176313390925
7.999066467719935
5.208740557659684
7.574767387727572
9.061306121760918
13.005444577892582
11.316039099083877
13.230318850786581
10.291022462927483
9.868018868702684
8.374880672755866
6.839037337237925
8.007794873369003
9.698341758701758
6.461138265047477
5.20517119734575
10.221443696889857
5.1414751823054905
12.195284555524406
15.226511849334742
12.042240070821013
6.873187662884316
10.963520062045792
7.614247381955817
4.493510819417332
7.418908930535617
9.73667702886513
12.60816295569165
14.399030276711532
13.721917473400758
11.310009462550124
13.621855382821035
6.907016336173869
11.560862154794826
11.06683037530431
5.90592644570166
7.878358313777496
12.01651671727867
12.013494379366216
15.429093035990078
16.032637644144355
11.33391037124409
10.679644023657897
13.913901240511922
11.7053596494274
11.276641830453336
5.442994969334614
5.931033492320369
5.718485274725688
9.753426006562446
7.99290312265564
12.69413258989028
13.32970844944521
6.925286565655007
8.789794981164135
6.938222283981296
8.766091328207501
5.683311389799332
3.076139019110503
5.8117724806420945
7.546080998325176
10.678933734861186
8.140739415453714
5.256812567882818
8.48316588870092
12.743059973334148
7.144927316003194
12.671277677022662
14.057961203154175
12.913134234814185
10.511990003884698
13.236481504813597
7.102432625677459
12.60921509853473
9.551500240209359
11.498878659946335
11.90090626121309
6.515263657443128
10.52027511663968
13.798938711756264
5.982498735058722
8.77446907253033
5.698544887226678
5.6248052537175806
12.551882255115913
10.39290069770804
5.053302677986484
9.081360029608408
5.110903406961434
9.598661537517923
5.41640894869454
10.936155241423847
9.604176713442541
6.425463837149241
3.18303494120721
5.8649095515578145
4.155601685083797
2.230402304555539
2.534333033519937
9.920190258257012
10.47202657442467
13.52186006724325
9.441720958480953
11.569109547815334
8.818821643529363
4.942951961853897
2.6154451343496516
11.120200373050888
12.0343410226398
11.701510779352223
11.756508523683912
14.191588286259595
9.044343510476997
5.175529901155397
9.303643673690527
13.536342883101398
6.909191726313974
9.988460027210905
4.906677758369149
9.133548782240299
7.95877692929108
10.590613160687088
6.739091860636855
3.7105415367385657
4.555087475783983
4.189344244132931
9.9765246631042
7.231894602955755
8.799876362336201
11.458756462199059
13.664211308513234
15.27693455327163
11.296424566721935
7.809595342953276
7.6777516274433895
9.742381787475932
8.67823634720935
7.780918411610324
9.379450813969344
8.709557185005325
5.256337892481844
6.599026282633734
8.322727769675467
6.528931337418895
7.386993434971362
10.900135675764849
6.843618251898839
7.5558875200477456
10.414287518674048
10.417374995609787
12.171703040860672
11.273693772901334
11.77055632149536
10.495805039728687
11.497469127035705
9.992293168911198
6.106770343248732
9.11931474453956
8.094952668694354
5.314885972637175
4.228815726755938
3.186499549916905
6.500215525187775
10.231840247576828
9.284510404047085
10.945743458227962
9.943478428431563
8.786443623496302
9.69667370652579
11.32084035745541
6.9189944030470665
4.638206046921569
4.932101331395306
9.607269466004897
6.328635405478018
4.441296207119937
7.764785634239569
8.480457423046609
6.93236292269855
5.470074502157823
9.190284651538917
9.261418508025018
11.561607315587468
7.9527489451773565
9.969184998916187
11.167990887621308
8.864215595176308
9.659009509143038
9.832763538500997
9.894739941680855
6.9688988193451005
5.22419083269886
5.368519807860453
2.697305846137656
3.9259565783846497
6.411553609585104
6.479682766562662
4.792685059929239
3.8568395121613213
7.130922894353935
6.5713603636310545
5.1498230734069885
5.360181463825511
6.91228200507231
10.340938930005475
5.801840410010527
6.471435642001287
9.385016107116678
8.52764921115174
10.216542518924474
9.9518016973305
6.152466020527587
6.983183772706486
8.419882981017883
9.668013308519354
9.293555950230537
4.11388641967786
6.214228079618785
9.36295674128606
4.560621023921036
5.635839058617416
9.16042896828418
4.136148767484394
6.001988334117788
4.56834627956702
4.039106660339905
7.631619278202249
9.780627231032
11.254825620782878
10.908613389724799
5.024666126426468
3.951524983269266
3.8630897457230104
3.6706703193571055
3.1413200552728924
8.427610866232458
5.771077558067963
3.4815443084063764
2.9630820966799343
6.85920379596817
9.31223670292271
10.146807362818075
0.6021765537854007
0
0
0
0
0
1.373138326515896
0
6.169689489674528
0
0
0
0
0
0
0.4181003826995964
2.124000368829834
5.127995899151383
9.069025482173705
10.333242921553406
5.770448535320205
0
0
0.1892242120581633
0.3040125135513989
1.9667995518730672
2.0117070971274984
3.758758558605283
0
0
5.152511877302939
6.935469639767632
10.463351241183824
8.32388382712874
5.725640051864214
0.19441404266415319
3.7278287023396537
2.0786316874033135
0
0
0
5.619581468573372
4.9588838231747925
0
2.0925671968851853
4.557600177353708
1.600876037388657
0
3.4540090003997737
7.9888035949112695
5.281380310314538
8.603151209452355
11.842667112038026
7.340241034831376
10.927731169917983
8.088491136910564
4.142663311168917
7.793767128792963
10.000899370538441
11.071190694184684
11.41036287416203
5.498199380495723
0
7.132643373820961
4.485377930613172
8.335047902003705
8.681411524578671
8.389136807838096
8.12264007954818
1.517480984319029
6.681450066410006
6.762959753097574
7.065263846241349
4.7975746953709795
0
6.678862546732239
3.660457303020764
8.052658887823398
11.267384599595092
10.432625401033436
12.813207001364256
5.301906611770386
8.518550698331616
10.253488845710688
12.53821032791375
12.183852953735427
4.556396614105067
0.8678633167587382
2.5809543468780918
8.829937786651813
8.486674401182741
1.9654842826145975
0
5.741817640223985
0.9970063933219251
2.0327369898843415
8.502042263367976
13.438414536027572
14.756110246949975
14.438016513966357
10.882962035326916
11.657938746254427
7.208265095935232
11.346489093378729
4.849256127370162
6.564091841961051
7.932463203112672
5.425500667539764
1.5893747069085178
9.59291679401686
1.75266350925307
0
8.911877931157449
3.6344552648148865
11.609622407078536
12.029173646204118
12.109828698722556
12.747816142709286
16.19499315672104
11.534546087034894
8.3105007149965
1.7194899719447
1.4537887810146697
1.312927904915406
3.4673402609484354
0
0
0
4.6372810818102534
7.568981125541123
4.714554118908722
2.754834514320752
10.284850624603056
15.645949004516451
13.644529377810123
9.649642556000163
7.089089691426449
7.0668842573156745
7.955956424251004
10.218080123524373
15.724657274027864
5.381206037074941
5.3439857259458705
7.991342490934915
2.1724120489153833
0
0.8948644233229777
7.445902493109019
1.6498934446675406
9.654483391471157
3.1573235639685215
8.27664213416756
15.014711881648044
17.74099555640879
7.541521699170245
3.4460264513955154
11.037311393283149
5.510336019567134
9.66934261042598
9.097656514078771
13.53603542988704
17.389357021935066
12.804629871400099
17.021198780240432
7.613517816488753
11.323814380754277
13.611549524008305
6.127886047871238
6.874812561995641
3.4454141278861194
8.275448573081071
10.568115427195151
5.005557100486657
9.581894975724637
4.645728161444965
2.4635458023792527
2.3412296105796004
4.499195493005904
4.180090386145848
0
4.601687383374388
6.468996557671067
7.027209958176855
5.9996770039609855
9.887310439004594
12.555759153141757
8.811069376079285
13.020187683033623
12.60827175849694
12.980309959110057
16.134617723070683
18.35983910177699
11.878122234115072
15.377396161588411
13.71300125121083
4.2701652252629065
10.031163519336138
5.437040552631007
13.1944095402803
15.575469861254286
4.893667219778175
1.1295930423831742
11.69463179555492
17.05212579757142
18.153766838148748
10.63175346097028
11.510040423182968
6.086074222473729
9.857376337912072
13.808013472421624
12.683598371600512
7.225834315235252
4.183671603829776
8.93070496709666
5.56271075109794
2.5520483891511674
7.50630281937667
12.119273215503588
11.776355756223282
7.036775748316599
10.831376021357386
8.957963952983768
13.173299002500848
8.385207919317583
5.627244826814485
8.72554939546454
5.184346334291971
10.684702957593629
5.712219850818776
2.7451812542779503
5.838296769860732
11.07959272547912
8.46208533868534
10.872497561155104
6.201134765251945
9.575766882221789
11.926993573012172
6.02871341336109
7.33694588946673
7.825206230567188
8.201111479623648
8.624965177153687
13.630411834075936
16.306306637088646
10.040478175796123
5.940883202600648
10.915140317899375
16.06611519844064
8.51061875264623
13.919592819071523
8.0196972477844
13.986152966772014
11.642605619555798
8.548704735542891
4.946546692396012
4.869870822471174
8.084768199016931
13.491833407589416
17.13981489998348
11.712981695464611
12.657466692472013
10.788389834456552
6.875996143216618
3.9276286209889477
7.46064067384925
4.695615452985541
4.970804267275746
12.184286720442577
8.453732487016545
9.732665506305066
11.840519441000737
12.654989423615579
16.251235154436255
9.397930326865511
12.265887091548066
12.293038849514105
9.285357618627643
13.879994033493164
14.06893817638205
11.581720314066438
6.364456095886646
9.795407126442445
11.533138134406766
16.590709983393218
18.42918782002535
15.411191202667819
14.358222820034115
10.231019004350355
11.840463087453427
6.855123427864454
13.756241895772222
10.942930711831503
10.974065867412307
11.112315341950477
12.283889726103597
14.006745491378252
12.660592334700453
15.20957439799883
13.869738929988468
10.671597116323273
5.938663791714385
6.244168817953712
7.1768658391328035
9.202194033509535
7.144624489438564
10.393864971102495
13.219641404903918
9.960791646908136
7.794094387169569
7.294425831304599
4.42897631500393
4.965846632409738
11.004474639135994
11.733565713421257
13.54020046953719
9.840941743981686
14.378255469777569
8.34581826366336
6.654484130529392
5.426746820769339
11.607343468481442
8.830951108855338
11.147675455066775
13.03594113483873
9.813381871561099
6.3593516686320735
3.9758449942908713
8.119962227576902
10.995760293228857
10.692457468549406
11.83900970241351
7.255990840298153
14.153090724071333
17.954238501429955
10.77309056329284
9.557482042226997
11.199873722931617
7.098931682626873
9.806212287681737
12.674816537272328
7.7099897624645655
7.787148376343518
8.05952542564484
6.266576945988433
9.33891576243921
12.18687297901715
9.816304856897956
8.24152655857639
9.69573957104436
14.519542977316704
10.059136272319048
10.946070007551779
9.053099756502949
13.04806945350919
9.46443868303523
14.695337333418376
12.917391407607031
11.822071574683857
13.22049138396296
12.263676178239244
13.735683277076978
11.998614164550535
14.379087654789277
12.626313155252681
9.159457309325694
10.599602849063904
14.411652105896202
13.509574079659549
12.712125512142187
9.922081771502905
8.1158196302233
13.716696897686203
14.096854509184528
10.699576496042699
14.13746266635198
16.3079071784395
11.003350069575317
9.244418500496465
7.4928945390837765
13.443178503376155
10.39797342699835
8.043338075847563
8.346410551338307
12.031366799946882
9.08485665685214
12.1831413256552
9.33294844821934
9.367130281692749
14.231658704872817
15.359457993045517
14.083822131479181
12.033352282455823
16.765146791692068
16.433935433418785
14.793277402409979
15.402336004231863
14.34526066923246
17.067946702081628
11.979495268548241
12.879409129262164
12.63391542817652
17.183015771100635
18.065566085902134
18.79351783586108
16.736320177336534
12.456021337591608
12.31350960972787
11.10340698253908
12.84561837050516
10.67580553703225
13.62609275934817
13.984956556194627
15.909632900175943
14.656726671204975
16.131401584465223
18.488698344813695
20.744096536929092
18.03135730189905
14.223782575431002
18.104627196785383
20.10914520637546
17.59063394012739
17.974568600642463
16.139696753699777
13.38201484973949
