14.82
12.91213793
14.36990708
17.37413638
13.02795854
11.43223493
15.05329328
12.49083918
13.88506137
16.49507182
12.70692305
15.26322988
13.63131165
11.2710374
10.78697918
13.77343451
14.86296645
12.03676824
12.44794746
11.22810417
14.99674124
15.39321713
12.13148319
15.48449388
12.72772136
12.51211143
16.18978574
17.71077916
17.90291653
13.10829284
15.88455251
17.10311412
15.85580465
12.12767478
12.16222731
10.49450312
14.58534936
12.35524787
12.8687122
14.24188164
12.26698914
15.14680021
12.42238147
15.45895136
14.24286247
16.05117834
17.95692264
14.08955501
11.74088548
15.18480988
16.53682358
17.6714135
13.99185679
14.1201104
11.62016261
14.7837607
17.61857678
12.75864768
15.37528634
11.73263992
15.43807876
13.11268016
14.82417303
17.2771909
16.91428175
15.73712892
18.50849329
15.36774949
15.43205419
16.5415416
15.83388523
14.65997861
13.58245813
12.61132423
11.62273484
16.00362697
18.55572687
14.66593756
11.51372832
14.7737991
13.58415859
15.19136783
15.56618719
14.26490617
17.35233116
16.01918225
13.9313409
16.03843065
11.97385924
10.71532677
13.82344513
14.24559028
12.09532314
16.64910485
14.69470635
12.13567659
14.19403985
14.37406179
10.96032027
15.3511464
11.65653847
16.51057172
16.64141279
16.83833068
14.51882132
13.76637705
16.71816083
14.7448816
16.24169212
15.91369537
16.56898569
15.67136602
11.65542724
10.19163512
11.23584016
13.55595516
16.62575955
17.6049282
12.40719733
10.15866772
15.46393441
17.37633676
14.52228543
16.44656927
16.58299715
17.64568852
15.89657046
13.62975539
16.67024828
14.86134804
16.71226606
14.49827575
10.51776557
12.99761744
13.00974974
11.26688586
14.64925507
11.39668367
14.57593426
11.87590277
12.17292096
17.37396438
15.08614661
12.67684396
17.25771587
14.64569003
14.90791165
15.00593723
15.96725317
12.55789444
11.9141474
14.21440781
14.73135009
16.2973319
14.43028135
12.35147244
14.19828767
16.03251732
14.27815154
17.4814364
16.15678193
15.01649162
17.5418472
15.7892733
13.68781398
12.08669417
10.76685064
11.06931972
10.97049586
11.63846891
15.85119074
13.65756782
10.73320781
13.88312704
16.11418359
13.31049511
12.85265542
12.87103945
10.29342105
10.50476941
13.09726741
15.2493116
14.63787257
16.59849672
16.98269215
14.84758587
12.23734909
16.3096044
16.35773206
17.38140119
18.07934431
18.58510375
19.36919957
13.38830181
14.62173301
18.07239489
18.64769818
17.73738388
15.84889074
15.05789525
14.79386948
14.60608869
11.86989956
14.16842778
16.55204561
15.38753748
11.74525864
11.43892588
10.15708492
10.90547216
13.3596216
11.79345427
10.70150891
12.31522067
15.34306639
11.57760287
10.50008492
9.109113214
13.67960063
11.77491797
14.48233024
11.58598155
12.8045742
15.59451959
11.36993773
10.02762464
10.67439419
14.65836912
14.1557762
11.85544849
15.32823496
13.23969212
13.21774162
15.56797476
14.31971083
14.79140891
11.75121998
10.40081735
13.26647475
14.23365358
14.76855775
14.97997146
13.47984071
10.76470469
10.1949704
9.587509702
15.20021231
13.80088267
16.86180737
13.75398834
14.45469354
16.67097716
12.69925265
14.330633
10.41828665
10.5029751
13.46693921
13.18741409
11.05483587
15.17402074
15.51974547
10.92475001
15.73839694
15.58551878
13.43460317
15.68338696
11.52376528
15.37355118
12.95685532
14.30833916
13.43142572
11.26826836
12.08194528
16.21514073
12.91609793
14.40451334
15.0931026
17.52727728
16.03053666
13.8276733
15.70250939
12.68288873
15.0062729
17.33493462
13.07302505
11.72229726
12.66427218
16.13758913
12.92479339
11.29720312
13.55477583
14.27735583
13.28512745
16.30832596
11.10985794
8.939192183
10.32579872
12.69301903
11.73860133
10.68967228
14.83290851
15.76401703
13.77964671
13.87719841
16.41899508
14.03044015
13.16208244
10.21561615
10.27347144
9.213300792
9.908701951
12.41017925
10.93885323
11.61065784
10.64005273
12.73866359
14.89779858
15.71473824
10.45369219
12.62216807
15.09143431
13.31371905
15.28514884
10.93483891
14.41429836
10.90742375
11.87145919
15.2716098
17.03501311
11.20507647
12.68234618
9.040917158
11.10345162
14.78108321
12.05661376
7.535202354
14.4560134
12.7563474
13.0157635
12.24114252
16.68394748
9.277369337
15.11068629
9.692737588
7.53225423
6.076147969
4.048668209
4.939674704
11.38412751
12.31701476
15.30749522
9.46800595
13.55500619
15.02983067
13.88279374
16.00763585
12.52996168
8.350732596
12.1517011
13.72724261
8.502143019
4.797116405
3.137192698
12.34388014
15.19435476
8.756693508
11.9460873
16.31718968
9.643203459
10.99369619
8.178256259
7.328284298
4.35913135
6.27638034
6.529291986
7.721653888
11.15606539
8.885744592
15.23185967
15.48753783
11.89304617
9.523714693
12.45340992
11.93044656
7.682361671
4.93087544
13.25238218
11.38269354
12.0146115
15.10373691
15.29814484
14.50357448
12.75230357
13.21430422
8.176313846
11.73014337
7.870586432
11.47925075
12.75739215
6.424404806
9.654709254
15.67271486
9.899042842
13.36179881
6.414351399
14.2856118
8.84753351
6.897718024
5.639124097
9.675451817
13.41464096
16.37687992
9.218794874
12.31998833
6.63420534
7.953661998
13.4980307
13.51015357
13.6116241
14.07662222
13.16945986
16.91504134
9.102230214
12.14700876
6.441915778
6.669331608
5.978615901
6.862297993
3.952336492
12.85627297
7.199357663
10.48975591
11.08678671
12.84711953
6.166898843
13.60279503
7.002035018
9.470275733
8.860176352
12.61011433
12.63744175
14.05257397
13.32508543
8.657193051
13.55877004
9.821731727
10.64854516
11.85367987
12.67265513
12.24224273
12.38069278
8.838097401
13.66717896
13.16839298
9.361452914
11.90457563
7.950579241
9.779768799
6.181791714
8.595058347
5.459124072
7.957333985
9.647284171
8.606404415
4.795299758
11.4768093
8.271943961
9.546615865
5.17762141
5.31463019
11.68402716
9.222073892
5.681884818
13.34975524
7.837033524
13.37615281
14.70360948
15.47311958
11.65577849
7.014867244
6.602369448
4.79436435
8.609159041
6.820401976
13.36334303
7.050529942
8.550722124
10.47655852
6.701114952
12.19663087
8.275185934
5.763159561
12.32805822
11.2459377
11.87478398
10.60406465
9.194603029
9.686434384
6.834423646
7.804203955
7.65443702
4.425325433
11.88606483
9.977080314
4.386721179
6.514371012
10.32839883
10.59981462
10.48364053
14.12432281
6.051018289
7.790893796
7.742076718
10.3220082
12.79970592
9.248039064
10.80329236
6.104244887
4.609521593
5.163975035
4.112827006
3.424042047
4.949326407
5.651783403
3.631279748
10.23517262
6.944917062
6.434589332
11.13505459
6.740449534
7.900444063
10.91092077
7.948721996
8.130934864
5.656481619
8.50183575
9.438192036
10.45191233
10.07001917
11.8035107
8.71701666
5.050254702
5.426103685
3.360032621
8.924168504
6.083824325
7.357797953
4.315897914
5.029126706
2.784010408
8.112267464
4.774067558
5.123476474
3.438870972
8.047351136
6.07436378
3.659511071
4.630311891
3.600255852
6.57519515
3.28492604
5.238016033
8.185658084
8.056675187
6.486887031
9.394347693
5.598655681
3.135255083
7.018820361
10.45260126
7.113164276
4.441781277
3.794234478
4.545194381
2.705084929
3.276147113
3.661885253
4.922318403
8.688942391
6.993732581
8.484587614
11.47375737
7.073906189
6.101032995
7.270498203
8.307131029
10.4785261
6.293449207
5.489379589
5.935371169
2.776533325
3.827736062
2.031665792
1.032551935
0.682828473
7.744673693
8.37411226
9.100171256
5.740793684
7.570031787
7.92979067
5.773035972
6.925401099
3.90286436
8.265044701
9.980708358
8.463150016
10.12630288
9.147813117
9.205832657
7.71280903
8.191939926
6.403394565
9.541135081
5.990548225
4.660814702
5.208970258
4.001235542
8.64757519
10.81509255
10.76006148
5.653744597
6.218259138
3.774916299
0
0
0
0
5.284462374
9.957779358
4.29225445
4.31717529
0
0
0
6.045466874
4.40893505
5.661492874
9.114999836
4.513512165
7.348692734
2.944926396
8.127041685
4.184506555
0
2.649903167
0
0
0
2.586651804
0
0
1.174880821
1.2864461
5.046035407
3.231698538
0.956138293
0
0.307266756
0
1.117449038
0
0
0.748228727
1.946828489
0
3.144776566
1.532855585
4.501668707
8.59574541
3.137513511
1.02050812
4.246325923
10.58648157
0.920213931
0
0
0
0
2.005497426
6.25169899
0
1.912133621
0
0.359230973
0.56335162
6.226033496
2.536533385
0
5.182254237
7.03285308
11.84672117
4.274685181
8.816068856
12.17514893
12.00315853
8.365554005
12.76771375
7.747874133
11.80862498
10.1675757
3.506312978
2.209044804
8.916109653
10.79671528
12.21150402
4.543859269
0
7.687055349
8.375719729
10.73584594
8.58206093
12.58982878
16.08097404
13.97427954
5.372881209
8.769500146
15.2202718
13.5770013
13.99730777
3.083350098
10.81796903
12.87951838
16.70317217
18.11874606
19.04629249
18.59724361
9.920259927
2.272968393
0
0
0
8.344436319
7.230264747
1.378595177
3.840104871
6.596084056
10.30633247
1.937016768
9.274791128
0.760157419
8.656663146
10.96107998
15.22399497
8.571543954
9.965549931
6.090834891
0
4.76075355
0
10.70622611
11.51000124
12.59287549
4.098228279
11.21775104
12.31995764
3.508470931
12.68353448
17.43331558
14.56066025
8.591755291
1.754249774
1.946449352
1.585186158
11.45118342
17.20892619
9.136397947
5.322737246
13.65843636
16.36050119
13.83249134
13.29658945
10.63528881
3.013687158
7.253678981
13.67809442
8.992443411
16.39406161
5.534062691
11.39488986
14.85834083
17.05090101
9.159058223
2.413661057
9.512181269
4.068780346
4.998028215
3.907167381
11.47046183
17.43342327
19.51266424
12.66317914
15.55727942
15.99800989
7.477998514
0.392400232
6.188055062
0.681751408
6.521759809
5.183049273
12.76749995
5.024781938
13.01688988
7.56320069
14.0717989
13.721334
9.551444964
15.78112552
15.28330049
10.23845577
11.21640777
11.74067214
12.02250055
18.39205021
8.559177532
12.08182928
6.886107386
6.359201363
1.468629998
6.844647484
0.480838934
2.679553225
7.21521812
1.838003456
7.751908714
9.80641451
7.250930767
8.294143698
5.199431919
3.563891333
0
8.47455055
2.969700643
1.165406972
12.49620862
14.09620844
9.547155376
9.210188602
4.26492589
11.35995218
14.57717935
14.58914223
11.09994582
6.795971824
13.39677182
11.79902566
8.963706026
11.43864122
12.65668151
11.91571832
6.031354985
4.894750345
1.959428327
7.663876248
13.64629591
13.33762086
12.48110988
10.51241186
15.910771
10.02042242
10.98360605
10.451992
10.64408252
9.817459514
6.4567654
7.831296701
3.654051843
6.230685583
14.04947409
12.02595009
11.76897941
7.535803512
6.449122188
13.59849587
6.878923394
14.18257105
11.40818855
9.348188
10.00599137
5.792799652
8.462722919
9.771420784
13.5165099
7.791537807
9.072276942
10.84381543
16.7198289
12.72812315
7.210297659
7.668256121
5.351908704
3.311167244
11.36853215
10.06319482
14.64970751
9.853704309
8.714600213
8.4734087
10.81866674
13.25625974
11.64585932
8.928976135
16.15808466
14.06045872
13.77639547
7.669767021
15.44687677
17.62200051
15.39526698
16.43911326
17.01124821
12.18039512
17.34418708
10.51431358
6.415954575
14.42838776
13.91758817
14.2438324
16.88955386
20.42148979
13.07031619
16.77017945
13.37173339
14.61445928
8.733673419
13.09956187
9.11760907
7.588440681
11.3470224
12.54104281
12.01500276
10.9218875
10.57963943
9.7007763
16.49575898
20.12650636
20.78064698
15.27830315
14.45169127
17.76410087
13.32864716
11.90026821
13.83942752
16.05358146
18.8742788
16.28273421
10.80350588
8.583257261
14.54098605
10.46261449
6.999988519
7.144555449
11.77032056
14.13511212
16.22297144
12.42657779
13.80860573
12.80240928
18.71677594
17.20208819
16.05511864
11.12420724
14.71107793
11.25323603
10.24125238
7.373750206
7.145561424
9.496516437
14.04351508
9.460439143
10.42513273
9.784601047
11.44864958
10.71380613
14.92115337
11.68134565
8.384698064
14.85400646
14.51459976
14.08623323
14.14033735
17.98702566
17.58214653
13.75968139
13.68135535
12.41910978
12.55747552
17.34674732
12.04381194
14.17093389
12.84522339
15.50947157
14.55715595
11.40908088
16.01499634
16.45006598
16.95979743
18.3931794
14.47744882
10.98278014
11.15916544
10.99579549
12.50631828
13.49517032
16.767656
16.30870089
15.894456
14.26266063
10.12322904
9.153158714
7.577010586
11.15627655
16.32867777
19.72133323
18.26789985
18.82441053
17.99497585
12.08355263
9.735165558
12.11602689
14.89918753
15.68752031
15.94202205
13.7909027
11.06357215
10.94542696
10.09856267
9.657988903
13.58812332
17.55271227
13.13966616
17.77894144
20.00190322
20.58213449
22.23033081
19.67588008
14.0836725
16.41575375
20.2365829
13.98129417
10.21581421
9.635356728
10.48971742
14.76113
11.04597027
15.97288923
19.41294604
16.57220525
13.11984487
16.95733383