17.046223301845334
15.901195049059975
14.616388433803541
13.024423141452003
12.73048009650683
16.513546704514145
12.754575501163727
13.846186567365741
15.59767965085491
16.01075060843449
17.291722920258632
13.661941367495174
14.125255352874303
16.04562853139964
17.332574567325562
18.541482258755565
13.825643029485288
17.30834142491773
15.958294791322794
13.710463990968483
17.041994635678925
16.37226034974635
18.252327995443963
16.667369909572788
13.886643576749902
12.778479912824759
12.863391493199318
11.404677394617352
11.287363251407463
11.340307520518202
14.328334194870742
16.244718627175917
12.877176561867303
17.106977580897432
18.176666395377612
16.19303673297198
18.20892374918574
13.952628863737555
13.663950099324945
12.857889250617736
16.23963038122616
14.051544995789879
17.0658535099627
15.892589346050592
12.788402793842836
16.880055693601083
14.605343083125021
13.150901399981231
14.02289538805006
13.44556351017166
13.690971765437347
11.426482851863586
11.713319098785238
15.854269829942965
11.988352866060717
13.592867826268884
11.461211303705593
13.106482311494497
14.65105909980106
12.494704632681568
10.710067860764347
11.632541630371746
13.501105159663595
16.756218679331983
13.142539922483248
15.4735565670178
11.7235081344682
11.083431512443461
15.894925909304611
16.466205042522358
13.658338864298349
12.481327987485605
13.031778464694316
10.715808227457758
10.30536800565865
10.568331565722026
13.891415635213136
11.1156181901747
13.799386136459804
11.564079111652603
14.535292505863413
15.14898617435234
15.710793715904433
13.27409432335186
13.991805461067855
11.493797239668476
13.055220369215334
12.09249352872676
15.22558428172503
17.52237794332384
13.144825093252999
16.15757866682833
16.48205364658449
13.143848868841975
12.000407298438477
14.934806365330095
17.06422029953051
12.555364269842208
10.738070278300842
11.716204157100211
14.416909819349128
16.53226047650748
16.79058187876705
13.2977145058502
16.551807580627294
14.119651240944444
16.821656182497716
16.638722751574175
12.27616430070225
11.133070638801591
15.300299167759778
14.609744796580731
13.011210007818832
11.707602196384629
14.75703642557561
15.154968530034163
11.65229897319028
15.702522757721756
14.403345255259527
16.335151958773594
15.892130827732867
16.248379852750762
16.199416413680865
17.84217580999014
17.832923405924948
13.04179047219928
13.080140182439207
11.22361443953643
14.147553414803555
13.617882847605113
14.073692765725593
12.335327134848889
13.157635406956363
11.88397438423
14.326405254352014
16.674882611867602
11.874705544883017
13.715810431678822
16.245584637921656
15.14763871750428
12.109763809069758
14.196531608274071
12.535768121309198
12.633318084880111
12.729571773718202
14.471204818625568
13.840061072417274
13.993958832223313
12.211782983146977
13.1703276490646
16.065867156654583
14.569612035705347
12.528127504490921
14.908122942463065
12.28038591038072
10.930278023660843
13.10972057245954
17.127151294707772
17.080969865893277
16.01430128653554
16.105376062156388
14.971488234779473
17.302913230033276
18.81550683406995
15.27782832703468
16.30384945178839
18.069420520082453
13.535056885891207
14.451634992236677
16.538642286365366
14.159405951188797
12.124694417783584
16.47242303786212
15.457264191951886
15.884120277457157
14.954753704353575
16.029608499369484
15.004430098255643
12.73762667364519
15.948221980606966
14.346810511479596
12.697763971443575
16.102281382481426
14.154076909027921
11.505588859075132
10.585042008484876
11.179679204290165
12.099951513318024
11.749654645709247
11.221386761656525
14.793427477051768
12.673107466375626
10.749232580094139
10.252126380404297
10.104300888484431
13.098447242427145
12.44668215530347
13.577836770551114
13.311143012307722
15.70170588188301
11.982023600002867
13.117222524361791
13.03822954042414
11.896722928518892
14.043559797028667
15.546325856409194
13.963558683111403
12.195595759491384
11.084333428718782
15.751315641800637
16.219444371970873
14.325594552628536
16.707278499022088
13.163729717108787
11.24882383203408
13.193177234273122
14.237812687945294
12.277405526607758
15.853809811310521
16.171136173369245
17.882753311465066
15.648707056782452
16.296746723378156
13.252072237652904
15.82482044776009
17.312736087500788
14.495024853066072
17.161742822324022
16.91490491215942
16.860903367199924
15.958342698400832
14.408387408882533
11.799441657931762
10.339516477422034
11.493410398958654
13.92001164278306
11.799853796948476
11.271507459887346
14.587016426709221
11.675544437776763
11.062507766996312
15.627676130491645
13.175680785135729
10.490756617394275
10.828225552269782
10.774108170898133
13.064628141189207
13.885527808564115
15.256074138160377
15.571445983581977
15.56969556602698
14.3240797345144
11.409080553216782
10.923229321796349
13.651560512086597
14.22810353158333
15.315161229847284
13.189895218360874
14.435902174635252
11.27620768535656
14.538242645425314
10.995541881471125
13.853470804386639
15.035636536681931
14.357618758684463
14.923402849919384
13.31691244244026
14.352831787953043
14.77785573904702
15.009485036814372
15.956365241673293
11.81963121547531
14.617636514696505
15.228746781176763
15.234994898105924
13.338164215015503
10.70988099449261
14.75002055753272
12.516562328819743
15.498044228963636
12.15075132879881
10.509349852661765
9.762958471461769
14.161445388892297
14.338007526677554
14.166637554755509
10.97470414647978
13.007256387989461
15.014232935572661
16.581777232309665
11.910442554377706
14.853896337144295
15.526364999361519
11.272553043525141
12.186805591614505
11.586757274461494
12.985814460452676
11.789299627877378
12.385511846752081
15.440903502447732
15.4837862520903
15.8614496467525
15.032881956578391
12.722962069746746
10.101468980928757
13.580111947203886
14.84172408333606
11.326075649064368
14.011151949973904
10.716538074030794
14.226791373488137
13.604704718744937
13.340297561789047
14.604796687715206
11.028181860927775
9.654691419455233
9.92757412691089
8.806899554821056
12.793775619801828
15.60613647059343
12.30150492962489
10.117994819358522
9.074349753661945
8.32216661698693
10.566260026580652
13.56951309440663
13.647052438783998
14.27921993195935
14.441999113584096
13.754789196348465
8.161642970065465
13.900513680933534
17.116065475833203
10.083840262406852
10.20708819887382
7.274144236799758
8.91965868398706
5.877712950283502
9.985917461033226
11.48832211513767
13.78056888107888
9.527951517818353
10.530967467146972
12.051953871705198
8.586915484179773
6.7657641488983975
8.880832667235012
13.548454706348672
10.280557238248303
11.509200323869194
15.912095671401692
10.02623008384862
8.306190573039117
7.940980965733928
6.385893829028414
5.8215850443151105
4.834408692212415
5.250308878179766
4.857941777931865
11.471679400296399
7.535553510646549
9.325173906671914
6.905843247552874
13.415617408959667
7.668959990192154
10.470469293977962
13.582937401174643
13.574098670621943
9.757190471197843
10.20638622092244
13.548565781924292
8.34330643600529
8.030027794500096
5.110962848379602
6.8656238668430385
13.633428184519527
13.573302266676556
15.498350110700928
10.547124581516755
6.254328662306925
9.573841448098939
8.726165367882086
12.643753079332727
7.213628549003125
5.971023452018289
10.374812245645689
10.998545122130153
6.981432648295825
7.625566364726928
10.490590980181684
9.821811123595628
12.974970324535079
9.731627505837494
13.297564720876395
7.902589373176984
13.078935083955257
10.397807590949862
7.507744032001543
8.338877424706398
5.5183854693524985
6.0995252972979
8.376340598786168
9.873320108140426
5.750510877768727
7.552782634301183
5.878370889044107
4.33430676764774
7.117175115490732
9.75225342967023
8.51714501171856
10.035195681450718
12.885977721432091
10.718302017056955
11.753948723725372
13.10232777722413
11.050793596839144
10.833743731610301
11.102437576106972
8.507866167565737
5.927987821387681
7.162637803601953
7.943082114421889
10.206242290067692
11.141689135259298
13.288821557365212
13.60263362750305
12.40709506128713
11.710363858109588
10.76349318013873
7.947445662068123
8.526507068889472
9.591682305565271
5.935987773515239
7.5588590529592015
5.436235117880621
5.468785302096602
7.241389944949973
10.66799302974957
5.941810169677706
5.911730356208897
6.166598759094892
12.206871917816777
10.532876096085868
13.354504521759338
8.295920400692534
12.029582438919805
7.072796694448121
8.0629857687989
9.766335528438429
12.325217266963072
13.29029159429561
15.635291207225816
15.490179555832437
16.165717388181477
12.353245431130086
8.714238841031353
12.950854586579137
12.852116624331245
15.498867555219945
11.394491917719439
6.614061134317247
3.9676742991147744
10.571420267970566
11.926727126403335
10.909509935425065
11.133440262211998
8.34490622525975
13.125985087225041
10.286202069354076
14.303954104414277
13.005366246024417
12.36055233667268
7.26136302795591
9.502321198204918
13.407915458139525
6.581158267368952
7.079216340405031
10.25750310509901
7.67794553266992
5.021388595638712
5.675940323496379
3.4372093899674354
6.12300001390215
3.9864902557518516
3.6486434304011186
4.24553313075813
6.625304164544998
5.566991249233767
11.436288487532
6.8151310273681895
9.80557853523811
9.743547985233949
12.682185478218662
10.832578018706462
9.960060281799846
12.002495438123008
11.82244762506696
7.372281509828819
9.957965601160256
13.162294108831366
10.493065367739764
9.370460189472492
7.869971611064212
6.403096900442936
7.272523459205573
8.366501252725026
10.947153060270683
7.459235650513508
11.103145003815241
14.56049275109401
8.836691748078906
11.17717370698453
7.310013727927
3.8283554053944755
5.894907457294715
11.202347678691513
6.346930642479592
6.545448685476777
8.375834848027244
9.464374792124103
11.93653499283295
12.277039681518964
10.239722641643668
12.222281510068953
7.2808149340603965
6.766857573232161
6.676084371148509
5.413453532243399
8.131401476461775
8.630848309643348
9.098007938922652
11.04154916404328
7.912639699095549
6.123377187671076
6.720755870103221
5.333351899499429
9.95774126684231
11.264428559234664
8.79484790522524
11.218531483902257
10.941588358215382
6.086059465430132
8.327378843170496
6.957635039083076
6.994496016018874
4.231703350482639
7.885467555896355
5.952022527579108
8.189917761152836
11.21733961458503
11.52629789629392
12.462503630191247
7.09186602140689
7.963218535763512
5.5445443786889355
6.291264524324699
5.444892054775808
9.757779408290379
9.78699198190796
6.270724724442127
7.302611364372952
5.896000654275051
7.874394269282828
5.981807690357924
9.382467695067955
9.775111285254384
8.71095133968662
4.669788834677517
7.716228769088152
4.574659401886415
9.552257128541912
11.07431133852057
8.583230080129214
8.753155056310785
7.729635569079868
4.583810417760099
5.970287858566998
6.8072995480433764
7.685981040451672
7.756989458415666
9.467044204664065
11.047625955434542
7.022025957235806
8.514994601802192
5.136126530909573
4.331476926538443
7.640465868185144
4.605901308241476
5.698903545416716
5.329467033976804
5.027365351717919
9.425520663859166
8.672564961088447
8.820048081900643
5.889796177537894
9.666989684379612
9.19735828338007
4.520526046710577
8.167773972065499
8.666144805901453
7.039852763665019
9.261949045227551
6.316671348133898
4.671578760010556
2.676853515118373
2.1055632385839447
7.549820463650285
8.72970805932005
9.143367563048505
5.988202548590481
8.658865014612454
6.990923557540029
5.817242259401997
8.96624687891803
5.258975602478687
5.466111132146351
5.273567634445122
5.998304778549855
3.1789854701824343
2.33658276693221
4.82382598155076
9.105089596581644
3.958851664974382
4.265270030981959
4.570519651615499
8.01128719939856
0.5230484088491725
0.47321738224940546
0
0
3.945912734347079
8.092399125792822
2.894320093244086
6.437649520162298
8.794472211102443
7.930180861722065
8.38539573117587
5.7190577633441055
9.71364267220912
8.261048041886795
2.4390600722664497
2.612148197711038
0
1.568868564255455
0
0.026728816514900444
1.977877496489496
3.9333587473031137
8.816349763474749
3.3335014534583687
7.397121377240226
9.127880229446639
9.72589323352129
2.6268698760043394
4.805628982062821
5.754230525966833
6.608576042454704
3.361412685521041
1.5258025665053414
2.2436336300180146
6.1238967073451755
10.453575138769883
6.696255111572683
7.40011475241478
0.24454977982404102
0
6.773814045825912
0.6042757259856018
5.756105556758067
6.821703433613803
6.49454916854285
4.073990948867055
0
0
0
0
2.873354339718526
8.120192893978924
2.2586704009962224
1.0555214802958974
1.2140644491544812
1.0875163491446287
0.021830562344299587
0
0
5.898548923671841
8.609113675043549
6.917036950871382
3.898806226357076
3.759346648943901
7.51343059531772
5.364963793539609
3.8926238721751183
6.49548132919593
2.159111508999501
5.485383858594522
9.18758701774467
1.7259882252548637
0
7.093736575248911
3.2432494942047523
0
0
0
0
0.3244365315222102
6.927027266257576
6.642978586303878
5.268596694598721
4.550148517184849
7.107263244092122
11.524739747298053
14.725576407242615
5.428990154739301
0.8923579930228165
9.099044189240349
8.32285621952973
13.095175757250438
10.765334527416769
5.190011651385802
0.18107333801824588
0.7806133861426101
6.828291019963781
2.721193197514601
6.8010743499504445
10.079142323301642
9.119478767035265
7.666877582405522
12.75370114604453
14.798497060809161
7.736236249384841
11.736329834725266
8.84985925182005
13.84439303781341
12.83989314186889
12.447614889756322
10.341150584985051
2.700084912220519
0.8057022792252249
6.4670123208569485
5.546735608243201
4.379364895019361
6.889931083818983
5.373183670471455
4.429273341617787
6.515558812887616
9.398469872689772
9.032898805787198
14.429632808332567
17.614648527294634
7.91851757451677
1.9445826870419305
3.9420193568016506
11.55264564985602
14.81083512923726
16.147863021901802
9.248693845245588
8.846080457738125
6.059562663201995
6.3693582776090905
8.045648989110433
7.5939584042402615
2.0611440461898143
5.110178449425963
8.520857504367347
14.165519764498075
7.669019290046817
2.1694635681931924
9.311024867301828
4.021756948020467
11.555702890310524
14.367373465515637
10.305472435127506
9.923413152242972
10.960893033871645
3.232076427178547
4.159461529852977
6.848546925309914
2.1783144125224387
5.009791370472766
4.369348737312199
2.828694654231862
8.826032510408636
10.137586306779557
5.546832125496357
10.724017565302656
3.4258570582355636
3.2196667961321426
4.076099296858758
11.757558103841205
3.7596722222708774
8.348194580622824
3.870115534075552
9.657440878642655
12.484970789810806
4.072365177632827
2.995094954896377
6.6476850801995
11.599026247136681
5.405830037247489
6.871060436166623
9.836922312664734
7.4806627806206905
13.446859056276717
7.7894827038609
2.868717574069816
8.139397791618165
10.956123665504965
14.77574835511625
10.694333241657535
5.661704784332961
13.454828466565585
11.900281815952905
6.989905422735113
4.642773463492957
5.394007448849346
8.66561875039752
7.159961983537334
12.765485051000892
17.131546606749737
14.985828876105169
18.753397603548663
16.42445113285079
17.645409931786126
12.597326865527009
16.3134653634093
15.182464794850425
19.22040449599599
16.08459118214554
7.352326905091642
11.96123946314384
13.485248167716492
16.084308872921035
18.713300176859036
16.188322512595917
8.05584382352868
3.5981384975519726
6.951320608983811
14.735830029311707
17.75341838137026
18.71555088975266
14.349913774176196
8.639828119038807
10.788238988608114
7.869520462487463
11.814580131076408
13.227740697067423
14.995387675815579
10.057865754251932
13.73087948458997
13.705686089673648
16.402400446366045
14.157032570369015
14.569211751518958
14.300838877198395
9.272676498172626
12.494590638277138
13.424473286755426
7.535844258920606
13.294435654514654
10.980158434938152
11.75093278557283
15.466689243180845
15.95793743933896
9.832715687758093
12.76499824829851
16.03382995078927
12.188115010108982
16.53940899573582
16.26688748124699
11.127407880821002
9.785150308291783
5.574613568397971
7.526002258511901
10.866792974509696
15.548266252341733
14.25549107736138
14.565718588926213
17.929947139222126
14.630794645293843
12.272005600817103
16.711138011698107
11.490048206341154
8.508210012226813
13.962448909925413
11.990983814001073
15.848781138571159
18.01442106657219
14.181723090656792
12.351264422874207
13.287577903006685
8.70655396573419
9.37398878207507
14.540648153444444
12.017394478406088
8.288340242437183
12.308529590292272
10.47277391634635
10.108126550354417
6.8320215877566355
12.093145410210905
12.218493929530762
13.300024249318186
8.697548796779138
9.354445203504785
11.034720360079245
9.648854464127375
11.714513589042635
10.82623331879972
11.466393964745883
12.72215472087967
14.206352757642136
9.018283393315494
8.36238231178293
7.526979582110981
13.688938765629736
9.796902052636025
13.528028278167808
9.037716393990298
6.854304777190048
5.801976828468871
13.945187849221089
16.903956411212384
13.69915710422506
8.5035591730974
11.73602588048578
11.073279872973782
16.922824397324344
10.760463258780355
12.575171328679463
17.147331543560284
12.400422620088376
9.773748965926332
7.4785055408335515
8.556634991179045
6.9384634773968346
6.37689644091495
14.272012274289882
10.799002877505254
10.146534028542197
14.595860476445388
13.681703723807177
11.803879622434337
10.302553354666617
9.202534485290457
15.110812073530607
18.06469054646568
19.442179203594968
21.07738591248307
14.957616961247314
15.490698956819443
16.774264159060642
17.07308948185581
12.843018076481172
13.389837097223445
17.590827025817486
19.245435437012656
15.045296588295216
15.314097498486463
12.672534679950335
13.273934665996155
17.404655116693732
11.829311337470035
10.966038258273404
10.71912895758895
9.102859018137202
15.647971108504933
19.254892154676593
14.10085452811091
18.659241809254212
11.71548909283139
15.519170161188796
17.465119608684873
15.7396906149106
11.739287721797165
13.254834788768965
14.449615702117352
11.475684480756017
14.507634246221048
11.391213565510455
14.648379941159309
14.216263226644788
14.078314592619485
15.45474685291187
14.169607269554428
11.614689475811733
11.112307498532743
11.983045751991373
11.474567057797492
12.348553220590336
14.638289768000115
16.702104827542083
12.53508524096342
10.548510502078985
9.272316117855311
7.849518829157093
10.572322036179465
13.989887682855413
14.841831978344294
14.399698760393402
16.811323002472434
14.032026131030893
16.929747011137188
16.293651690210154
16.86371114431825
18.231267569452378
12.704022725287288
15.79011961083752
15.703469501016253
13.77365015132246
16.893544604046415
17.65857423917251
15.742598144245752
12.991793144281962
13.56679826780174
10.954592129877682
11.758849480039153
11.368839220776202
11.774469411281663
15.319889912458825
12.847334534387459
13.876778935585621
11.721759638457685
9.678101868498459
10.635536422962673
14.325902218148933
12.308843101999054
9.96161992815549
15.131775039908518
17.977645711110583
14.60551504252498
16.967136213146258
13.03566455127316
16.305909975242578
15.876508043146911
13.020626781116036
14.300689299865281
17.86327831291845
19.77801576985662
20.58769077424189
17.0368871195026
18.17433668772658
19.399822286839065
18.40990960287026
13.97516899172789
14.943136233000766
12.903019709850993
13.029064516387617
11.460239345279337
