12.867239387375674
14.310729210801846
14.91215704337153
13.11631605792485
15.778109378727208
18.20164574320476
16.525457491972226
15.825304621675228
14.437501285007716
13.314614079762723
14.456416037456457
15.942422032021735
15.545257090547057
16.558709622665535
17.9895005164132
15.223774007976049
16.75569527597089
13.373071880656127
14.41769354514141
14.473799698104262
13.64831668970733
14.500095320843446
14.843696795106265
17.180794870182453
15.93756689378743
12.584609093043987
12.373300645980237
13.530944856945002
12.69065393616401
15.268322648356701
17.27808594988511
12.956083961814324
14.08719415895763
16.034811727118733
15.348584776879978
15.051980877983087
12.45368199910181
15.850496434065255
15.229382657047793
16.4540791887825
15.473791057858868
15.061752726782592
14.640886611738907
14.671390328489203
14.673541025061452
16.869436253243585
15.568462607975402
15.01590006625095
11.772338474688588
12.80498205317264
15.799133593258386
15.070625397987971
14.757052169826387
14.616441998464257
14.547998607839258
16.53565812616975
15.328474064106935
14.926211406812254
17.203828843714234
13.17473586708656
13.89095260025137
15.658658246107434
15.189538853504008
14.700010740053921
15.320260367619952
14.741666900294035
16.75751266008278
15.324298533826095
17.284010285362903
14.441387919238371
14.925901735643382
14.5317691412058
11.357664012931473
13.024488314645746
13.716516668090483
14.001332616050504
14.828678369856163
13.844862649412569
12.831034700249901
13.660986988543646
13.951977589896138
15.555728213621608
16.63885993941409
15.180053862240252
14.568209691213914
14.309787821586838
15.922440844207454
14.865419593616847
14.424097859638541
14.239338114993782
16.306864041567003
15.021870204351371
16.272158318672016
15.595184961089382
14.723702897018347
14.360066084522746
15.815128368362881
14.791008645354815
11.42075377293895
15.763049084478759
12.482707842973504
13.39868270602786
13.409236797100446
13.779470817014957
13.930377086620535
12.902158211732026
10.493176949068367
13.434828263950454
11.181929325993247
12.820005778761386
13.495160539790271
11.72354143428734
13.022073634213136
13.554803853245415
13.759490662756566
15.506957073102695
12.159733632728733
13.159852240762064
15.35303691226915
14.880052097379561
11.622171842167774
9.95767021013011
12.189782317292018
13.108549972210785
11.554726697513733
12.820980124795573
15.183127486080497
14.958276952235881
11.200827801986508
12.614370076052579
13.421744386453168
16.326730758993733
15.01716627308253
13.150608661163321
15.721514516814796
14.463839729935927
13.906050777344703
13.662659916375539
10.642154923161652
12.280305495511062
12.069917041157993
13.591887338794
13.475285656707861
13.404161865524568
12.163059604546511
12.846235591808533
14.91284617829993
10.575398099123586
12.151043350237199
12.796273406619441
9.821467672396977
15.945977421396607
12.731784013276357
12.992406957305459
13.089921331243985
16.93918975676685
12.129561238837619
12.698773264515237
13.98934956726347
14.843730871378368
13.804362428646566
13.356324053450226
13.15993146915391
11.214075230485046
12.24816108203752
12.670339506425035
12.838649255867313
14.370001600306315
13.529438699419643
11.72255076806841
14.528368699870326
11.151487783743889
12.162562764697679
12.580406735455924
11.45431932483658
12.265591749651005
12.597389700635976
10.956528856424349
12.040954644859628
14.200174302781194
9.746374696815947
13.236619448336192
12.975926084970894
12.860884610372173
15.737955499561972
14.007348032788276
12.32303912977428
12.583515876742943
10.675293959115542
11.896778572412249
12.390464776618984
12.596095393875132
9.368484119578897
11.336283911576928
9.571213950037777
15.074908057151967
10.962619116123442
12.08257051409109
12.454257368421759
12.605078884536548
12.661836610301581
16.822961436241854
14.407249069597182
10.572125536727837
8.804312481201325
11.049112792062994
9.964616107774209
11.522122555006714
9.579892571910168
11.346803215269768
12.075221674346514
16.432632810811455
17.995914907043815
17.82705653431817
14.738112699121983
13.440798898038132
11.197837956869355
16.2508456305873
14.040511455928929
12.227164233025718
12.342418814052618
14.091518036188713
17.07850363857277
14.330386982054074
17.479137423976173
11.646638484475963
14.472344514126661
13.19589600859258
12.661318290166655
12.416256575125646
12.301829713146457
12.240290177560656
11.959774468208671
12.070372492841354
12.110673948783393
12.115914041426441
12.106576593864798
12.090801429241862
12.072358610275485
9.225792904761686
13.215528966960596
12.506163507374081
12.19912051988638
12.636873924299067
12.230323678576623
12.04922004609288
14.403969996611231
15.04976743928892
15.956062461982127
13.556709951283553
12.545826780065056
12.11375681213151
16.055699456143987
13.5442452535636
12.492565724442352
8.330641433442626
10.305036979943942
8.939728806622744
10.87413988299753
12.643653744593625
16.289923463261275
15.450070743196614
11.687143318169147
11.640670603630284
15.837188194902254
13.35277850826257
12.309522685778614
11.86750907208355
11.676033086790817
13.950009011973734
12.530523531380656
8.214534934400216
10.129540203833772
8.015053939085895
12.7222433272144
11.995371677049842
11.68917917036987
11.558678603787927
11.50174576639923
11.47562675019976
11.46231761842584
13.085439361063907
16.434605306461172
13.52328026634837
15.967147341952193
13.32343850142148
15.230351368900944
13.015048827761024
12.09046298758322
9.119259090851198
12.984720106575146
12.069809442538665
13.154158181526668
9.549799905254234
14.037965958252887
12.489629987000779
9.015113422561516
10.391867268380585
10.95985690225859
11.190359896805955
11.279749472450643
11.310008305889784
9.866356812512919
8.284864052656857
13.94059302598912
12.389447307904867
15.464995492152314
10.66319392845212
9.306261519807263
10.514779549890939
10.917860287370756
11.075706330026195
11.136297127315117
11.156361664621011
7.981429531929759
6.3287791952720065
11.875719397905478
11.410358842487213
11.205367453311624
11.108730301091354
11.310389077746674
11.12991480550944
11.043391976983385
8.736305272753155
10.023060446829842
13.718763239685662
13.220962889327316
12.272284110164051
7.89359749117671
9.613311608208935
10.318010677174264
10.599704090584916
15.152003160313562
12.590117487950263
6.264471929358787
4.372036465555006
8.06260248519557
9.588488522123797
10.212364622948588
8.109540401452323
9.560446683207184
8.437756235490752
9.685499820627797
10.990048460173412
15.80209165765536
6.969515609902443
9.033042602475549
14.08240750906156
5.5898001093023355
9.970765406299776
10.234120956293118
10.333326444992144
10.364130603911027
7.260266000263284
9.05301655504051
9.790528040280982
10.088653326505487
10.203987450379238
10.24327777824223
7.2710463926505104
9.008936611369467
9.729252896170458
10.02221707768743
10.137550118103553
10.17928488211295
11.490374768115531
7.87668413578933
9.008808152225905
9.686043927938135
5.47267728304422
8.203958212486528
9.338762323755937
12.745345877906153
8.120279261491852
9.297412688615655
6.932026739451332
3.301445127970455
11.481145791037687
12.371290677114313
8.719772848081579
7.449738865659269
9.018871543459818
10.08984348249847
10.115281367121513
15.95478126433192
12.847454012947662
11.258205775738091
5.094240164946347
8.019708402788343
13.429717079769901
11.484516147455718
10.669150801655999
4.826239131359539
8.428437961971298
9.379133930894241
9.768378893142431
9.923667220909252
9.980637407411287
9.996482873228285
9.994889510357027
10.026692761054294
14.940977554193008
6.78306405396214
8.620763309671624
10.929011468472858
10.329618440959042
10.069619125694034
9.950966637319105
4.266929743619341
9.314828943805303
9.60406726275967
6.859298136272742
6.837330711599569
12.607420471619722
10.93069639840314
10.21991279965299
9.911295237234201
3.7687409890749173
4.847391621020364
7.635044426517586
8.78420730756268
9.25045439848377
9.432029900020588
9.494914171469379
6.533224440947863
7.0538743262305506
13.163903615920724
14.425277901249277
12.923956694689053
9.648458792111704
9.495142065494948
5.809110209255245
7.870704571915061
8.717455982054206
9.05817614148759
9.18803307951308
10.278330965397336
15.63629262836767
9.932261531505098
9.505397583818576
9.316116689772002
9.225970677899994
9.177402741058929
9.061403231862363
9.087274747703047
9.08744763572346
9.076911905531167
10.613942143540331
7.342223063088502
8.32000459776578
8.130250805674848
13.707711183626607
10.484999662223668
4.099101233390087
10.746501281487003
9.692203166884035
7.524720768117295
12.65773801974029
10.46928454180138
10.473560646290657
9.547834039971718
11.967829543264255
14.608615190365843
11.258541530993448
10.78163947172419
9.657929897825472
4.444562822434644
1.6405241219234146
6.386690445334465
2.3202242488299563
0.12133572846806828
7.009715955917767
8.065933325792534
8.50593604213775
9.988989924758267
4.060178974176282
9.897024336834125
9.265675891716782
8.160575268813002
5.809301147576178
13.009592220961135
8.201643382227351
8.54562013365414
8.684845831653682
8.73839458781409
8.755794496414133
8.757581312191771
5.143152690806213
7.240385287525751
1.980536767455992
5.909060041628113
7.538895445660435
2.2088473657189294
5.981300473359479
10.103256073591304
9.253296914683897
8.88994608495518
8.729216774609224
8.653014096323265
8.602523560132706
8.571847279492498
8.548938360676125
7.814713326476576
8.21221360307359
7.909686638186828
13.946421491332224
10.744659650125739
6.040827610997326
7.4271010687189865
7.9930381410096025
4.985014818703647
6.951813101396612
12.206454357431994
9.937029757540312
8.978983264047848
8.567236921679939
3.8922565503444293
9.331915164873916
6.42568330361534
7.452440191974514
9.706227066489786
11.216811784626074
8.912829779474588
6.090385337269677
5.194031644110578
6.864178930141279
7.547939962762672
5.862332789547671
7.112425584284115
4.889912563879957
6.677473389271978
7.410548188172834
8.082643867262387
6.0144086277407025
5.043739011263855
7.1594649802613795
10.366530323629348
12.373271921088318
12.517035694932733
6.078081880777536
9.723116248990431
8.429303167399514
11.578355262416071
7.047617090424119
7.311342446344131
7.4194756776568
11.540542595362933
9.177336172276135
8.189854102452667
7.774960377839628
5.834164715291365
6.784588908731913
7.175567695250189
7.333125049809555
7.284797183919595
7.161658570535488
7.310416275832539
9.301986160416789
7.107154332812005
4.529894498089528
9.679715061030675
6.851937504711563
4.983643720395449
7.507012407775652
4.947489195817369
6.3175062059002975
6.879638101222655
5.2437537953053095
4.942463069872202
6.279258874131347
4.867959915333798
6.227988687205196
6.784285775590407
7.005455730355322
7.086787097862663
7.109718377627372
6.123500649218218
2.0990201388101095
3.7208004723409767
5.6617694196416855
6.446274950991892
3.2445646731345876
8.810981471104189
7.721815640310316
4.129140246729024
5.752866253643186
6.4234032568959165
6.690736390350129
6.7898952327865
6.818853116073736
6.818555115166326
6.805694415712608
9.307989802343787
7.817811912397057
9.606973434836835
7.91721789453451
4.852794518135147
8.237020672012534
5.643081948153378
6.204713491903513
6.432965220521795
4.076978151123486
5.528779187155157
5.039785622096284
5.906720883131923
6.245256814913874
3.3458945064384897
7.487352431776538
6.882242450743284
3.006123310148029
4.994901825368684
5.8028934971244475
6.146140493968158
8.123166466348538
5.42362111680319
8.671189316879358
7.3009913374356294
10.02113806885027
7.934074119290988
9.102391613224647
7.45232278742991
6.759171253992444
7.135371661925106
6.574937125678202
0
2.8110990182389664
0.9834002170563867
5.254871838318934
4.378407664466983
3.9183702048145816
3.688316672038061
0
5.954519813050216
1.1547654028406331
2.2763346049467623
1.2584725866071302
2.363704087968565
0
1.724728617018001
2.627582159495378
9.229559619445807
12.768954792075355
8.604298036030409
6.398617191004826
5.238245892099176
5.183173530781979
8.367508961951193
6.346028745159157
0
0.7127473596260021
2.302572490416435
0.9501971435214616
2.4547129259180513
3.2695668596008733
7.166677448909314
6.197521464848048
5.289241212316918
4.815190370568307
6.863818688813966
5.6751469945381325
6.760482113583978
0
2.0399113439150005
6.736266937300154
3.582833141308436
3.976272623953182
4.193438510588418
3.555165984318447
3.9803009688633235
4.21194268338847
4.339949339708087
7.1400590224484155
5.911245717716475
5.259700118129512
6.189842759972874
5.416607914750525
5.00524149389288
4.786533700607242
4.670241352451025
0
2.130755539
3.2806200536844
3.908083951632997
4.257431661919367
0.35572763209174774
0
0
2.228559436956
8.04649580939458
4.3432568724232
10.804327598552916
8.039543897612837
6.57590150968521
7.807316274247101
1.2110229988002548
0
8.407786961218072
6.838764317570963
8.307655346840583
6.815083598719135
8.907114290913531
10.76579605989757
11.192041098524166
13.469781387696818
12.375740392786202
0.9083632434652902
2.9770783323580794
4.096695703791271
4.712660395978022
5.0562611557288735
5.2545285211319275
7.666663410999714
6.6772831645444475
0
9.743395698941633
7.840381998000256
12.024849610823402
7.24369923686886
6.552683680184224
6.205688898303302
0
6.692764974159996
6.316010387772774
5.163010609244665
5.5260519330489535
5.732538931173921
5.855301105045405
5.9331230710252285
0
2.8320591917969997
4.354002011958879
5.176216879800259
5.628170101578418
2.9843054975111905
4.475763973710971
5.275584633206174
4.041846033426231
5.059376136141237
5.616049951647964
5.919055752115353
2.3091991057090766
0
2.6737466768998113
4.367010006469739
5.271364319128253
5.755411706113836
6.018556552549343
6.1598879219883305
2.107915156639449
4.0875184478168105
5.17703754950805
5.791607728518496
6.13580997402047
6.3344068939243225
6.454396224019018
14.00131644761603
5.207234236734919
5.879706174592753
6.251932449571694
1.2813278536583859
3.8395830051851156
5.308053654258439
6.017010520669302
7.201701742524496
14.701834074984479
11.073756906107718
17.149474910129335
12.410478779080012
1.0167800368336142
1.7981285267739842
11.017056352159383
9.185682906398245
0.5817829601800915
3.6496613376410973
6.798119464096344
7.00014395150381
7.125056271842434
7.209051240811123
7.271178303443815
7.3218033921706205
2.7106021220599468
0.0999491365809666
3.5637062157636046
5.4285061260024605
10.746128049340756
17.11371952554056
17.356032525533138
12.835077961187483
10.43724324937464
14.005357936876926
11.089156603036528
14.730500294944758
7.724103316446849
2.767866637592892
0
7.105857268776223
14.422841224193702
7.9698002927339315
7.961500321993826
12.27249885427475
10.274994392165006
4.912994617447799
6.3629481865811455
7.1434771921576985
7.572398584839348
7.804091619626277
7.930543602640581
7.389212133336976
0.07574427896259994
3.819671012393444
3.273665039698937
6.499197577655634
15.075604368956377
11.832613815520123
10.103018801028536
9.181036115789826
8.787920065960451
13.776685380687962
15.222631780351092
17.238470311004807
13.143504125842165
10.972890542447379
9.82909278853592
6.335045666009713
7.383511942300784
3.6537888585742495
12.397765051081155
8.819986334465396
8.770269399676735
2.3468397053329655
4.909879387787557
6.732163079428441
7.721631464781016
8.26670960269815
8.575175295149734
8.757642375027897
0
1.4949895045618717
0.7285970484517668
4.632383817238862
6.7241511504936575
7.891634563743415
2.631203916256827
5.740543356037643
7.399686881104686
8.997106843272528
8.824644227002175
9.09144814018636
6.316187310419109
7.781364684316637
4.612132792353911
10.547265088860442
11.275150455593053
10.478826932256453
11.907893951921237
10.839446226938172
7.734942947953918
14.217936637090817
12.10291752489866
10.983759779293925
10.395363759001238
10.08946634388706
9.933715013894137
6.538829390528537
6.670033646900866
3.3919754956717707
10.810681670382936
10.352036864843335
10.112292463486403
9.993501467172345
4.291520024494532
6.892252336509282
12.059216143227761
5.528220215060716
7.558040294279398
12.67861049619692
9.347674890427445
6.930870637170782
8.31625807800233
4.447489301708526
8.319889055890808
6.645242255909061
10.270847012175297
10.108499602392738
16.51337391172447
16.469561729509486
13.104971765748202
11.80423534965324
8.056222035560623
9.12464133124615
9.709599125160945
13.040055119390201
14.573875436721904
9.084199306748404
13.137719669930314
11.925044511997816
11.293151545903035
10.103864658895755
10.352256810205775
10.500251580483802
10.594898035447155
12.374163842240781
11.625960036254682
6.116531211421924
3.0633960800371494
6.704584414602824
13.875632902553631
7.523690472422057
9.13867175396041
16.495654777518983
12.307182858776937
6.216102930652757
6.077622826828035
2.2762266611667528
11.359282477662116
5.768183626261888
2.0242340565116415
6.326975293748612
11.123481074587525
17.308817164016567
14.52167310804624
13.047283672569474
17.72838131765566
8.625223284962372
9.937877780452922
10.64963820083268
11.039679891719318
11.258052468548428
11.38335072220844
8.13892580485205
5.511986743451581
8.339807060054763
14.2785926622077
16.93756964642545
8.297094671594932
9.849506538177057
10.682428980416276
11.129036107224126
11.369505382546793
11.505035587896968
11.579165184059821
5.97865254658869
5.450619580184366
4.532386860012947
7.878016346748908
9.664062639619218
10.618203879495814
9.357589674782762
5.589169847299537
8.446991216707033
9.973299453334873
8.244749699050198
9.967323447790186
13.387460919356108
12.73153763449942
11.00437021703673
11.479152424150799
8.554729303163507
10.196808182097048
14.734015890746377
13.518805092527266
17.822219765940083
8.905589144517927
10.448208837472766
11.19166273648845
9.408663511689976
4.729326668564099
13.343791905986354
12.886863086170319
12.657955033338482
12.550971878372414
8.415862659122059
12.547782873411768
15.801082221807869
14.309094651094679
13.53046167497412
13.13265708969919
12.929346078770488
13.744944614553846
13.282904395632933
13.053896940495733
13.377186521999677
15.320348119283917
16.179594099256484
14.66836101536426
10.79999725387705
11.187663410004276
15.322331699577845
17.5360175275143
15.412584370866023
17.50811692930852
15.483804380683026
14.415962380776463
10.681406789166848
11.87558690345943
12.522919798473952
8.145875903006797
10.557616008632426
14.906375612449523
14.177496320563066
13.796941594720451
18.315813251013676
16.019638902996896
14.800475162999144
14.154949608086342
13.814871131007871
11.341280234555697
12.32425616150492
12.850167128310025
17.359398750049312
15.540368787840313
12.076608981937184
8.555676589666536
10.938726285899063
7.579186338311988
10.430363617455276
10.941161114459009
12.257669996807326
12.970677616923389
13.36147417564432
15.37211316322309
14.663421608560842
14.295873353573064
14.110736650099586
9.385832660524388
11.513547355876813
12.660503780079868
15.465345092377508
14.791809075284638
14.443876449029883
13.626370608112829
14.468504085184463
12.008028345153326
13.007385802281814
10.085000240667647
12.007060963986255
13.045812553352064
13.613307790083661
13.929502033401642
10.64345209118919
12.372774578990551
13.310246137367358
13.825619498204222
14.115761260833771
14.2861100293259
11.605998986910436
12.97812648058341
13.718136750054306
13.477349870100461
14.015643633279605
