18.13060371670345
16.480157095954954
12.558384836464887
12.807621059490407
15.063864290791123
15.800317291130721
15.364704827202125
14.2988151417535
15.397825544116808
14.771567464516606
16.456134852564173
13.984580725004559
15.437705350432534
12.868715303731335
13.068362568135749
11.862400641867065
16.67027841824952
13.00670737081899
15.98188380362046
14.045636843185
15.65210861544687
17.791805127940204
17.796375442732195
13.813223836101342
13.55610663359454
11.619166291837258
16.25558464722669
12.524881815287165
16.217669304639443
14.703668703574177
15.274036256786344
16.241573195056763
12.660542423385367
13.380016228961814
14.34262892879649
13.722955328313345
16.013451127798422
17.159235286494063
13.929095262693608
15.542772461263581
15.605524498582257
15.294825465826065
15.795644416879929
13.771353862101355
11.166371036212364
14.313137537444447
10.96706676766141
10.235808427075789
15.375716192359846
14.745928239231503
17.09981911993766
17.73395103984383
17.651519056789848
12.219629766965902
15.19947532762854
15.42140613171241
14.090242709235882
12.785466370659408
16.40794212211588
14.406334680156272
16.85441544223821
12.34375111030613
11.53739216146582
14.429692765866635
12.663172992159234
12.053374752100831
10.983228785302453
13.96422436075515
14.390854993745446
11.463492297209005
10.169358770915935
11.643503571512918
13.928009317220903
14.67538720024281
11.683307937639132
12.120017699319401
14.445555551703949
13.186975486235474
16.227093460014615
12.438380346155515
14.559087538022558
13.552880701598921
14.947922409870287
12.629393907770481
15.094448255680273
15.644019399209126
16.207274129783684
13.814623131401762
14.163666669846751
11.27745854760002
14.451335796691305
13.954892700231747
13.141265181475617
15.024335058394255
12.912637336440564
12.50390612354322
11.367097400562582
10.960261981123685
10.722914219275161
9.34328543564608
13.750396469327171
15.988568513515302
13.483614501652516
14.254774871631588
11.07019727849875
9.940283802037708
14.514712594885658
17.08789191019477
12.765472686573922
11.158927227386528
9.471370060258884
9.163969465361216
14.347850129679173
15.143749142174128
16.683138178960842
14.828303493822599
16.73990969485257
15.977552891430411
13.494840720409215
14.540411949473127
12.544029543003932
11.492777753438007
15.016788125912162
15.733067977396837
14.53835328209709
15.44301949847996
13.181662024563163
13.709052180938247
14.309266614519364
15.96211850589849
16.510477172334298
17.204708496341258
14.526959876408133
11.05022219824021
11.68541725422008
14.408193212146557
11.22166274917656
14.105639231964135
16.15962100202205
17.336296170788017
15.29129992894869
13.232166082559477
12.8165190359325
10.711619925872116
15.87303629467867
14.09399496785883
12.013055141071263
16.182474986267096
13.790580395985204
14.044375030382394
12.411578965065841
13.114436234369059
14.193150040603554
11.50989070842218
10.713150191623036
10.769191723579354
15.497848677382928
13.406566745040772
10.999890758020594
14.505878734894402
16.483238833943613
16.43406855579709
17.001651318511815
17.89294831424511
13.07497919400279
10.661208120950892
10.44480039610401
14.728400293308457
12.719955020766992
15.395655771185975
16.237823021115215
12.733006846674085
13.59372846008631
11.348821126566992
12.797992655779424
11.203790790008973
9.869452170161157
14.156888498275723
10.957423599078938
11.081336006736352
11.06322717802351
15.569052029356381
12.39240837996138
14.121187868274884
12.515213273914075
16.295628711576555
12.15851368984783
15.681310802209143
11.570312741424795
14.291996719232582
14.429755657130983
16.14759634326782
12.412852493428415
12.25011960124976
10.519998089679941
11.124899951339737
10.111713288924921
14.534012655149418
13.450307906892938
13.391149878941384
14.09101325321333
12.251162904488865
10.420259097814789
13.43556721771946
14.352341327411303
11.144283594093196
14.516190148363316
11.663030368952107
15.580788125172955
14.615140861973991
12.543659950680407
12.202528803877467
12.847649510972124
16.294809409467444
15.529277660654774
15.997152358021978
12.794530909764456
15.96620650163786
17.077981057286447
13.545326497805194
16.844490777938418
12.163828712193617
15.449127659784232
12.422709075828699
11.149640695958828
12.134473165775454
14.126438158571728
12.619274900365294
10.849705283159192
14.151547941591517
14.175312822243727
16.099639228668025
12.71135222450995
9.898878596690654
12.634062161625085
15.555593191878412
14.436461434853928
15.286621059323565
15.164027026287854
13.374597068116412
15.539877234354599
13.906793921717545
13.480408814481233
15.615673273318906
13.039978875952041
11.092001468549737
13.722827532214922
15.936979128920484
11.069866320117722
12.816525168824969
15.924591004476012
11.618985987171294
11.939735972517603
15.522000880778732
11.098322552215802
13.495899956522798
12.227235347216965
10.493755044388458
10.625669330059749
15.121703180492805
14.595402781261129
13.304642366909896
14.950019722597009
12.837335832299775
15.269425748318469
13.55171448250829
14.821211988813799
15.741434027872225
15.985409797817699
11.896061784180096
15.167466096075433
13.071840170055294
12.858316925316373
15.820265976904068
14.261191061169805
15.600776156961548
11.307516472792017
8.851776343359703
12.873884643426669
11.09370688206765
14.666845905873002
13.032178074164204
10.888549811086433
10.659253457951197
10.42604854659037
13.848773984447723
13.679893104751594
13.010284159927036
15.518705832667095
16.29554259562673
15.686255098435993
14.167174760486958
10.276085290401333
11.768554686284341
14.909907699847297
15.0874240019339
13.897072432799337
16.38418429511808
16.48452572741388
16.918188320715263
11.446328394780554
10.221702679755353
12.095176481899083
9.613982643852513
10.233050972173082
14.194065745764334
11.257298169148608
12.486591706058453
13.653819782221255
13.79853870914746
14.446492396315593
15.109822389719877
16.643000928762294
10.873567040723316
8.729672208469825
11.749560123358926
11.535638937484102
11.302585220048288
12.522625631131724
9.499718862870381
11.350281872964768
10.183954133526177
12.741753488435318
14.526723653984513
10.543382097463487
14.318359114475907
10.831809206644373
8.370887781530067
10.01789945402404
14.22274077943467
12.63424538402651
10.648964379132584
5.775050620534036
6.455685098467522
4.1048424849677145
12.191749295406154
16.05393873487191
7.967867119302611
13.261250389315453
13.52677944101319
14.741134225570558
8.583902489824874
7.216948053355382
5.727839749204843
11.349650607101609
14.29177428571046
9.661615420555716
9.02124374808948
8.440835773683167
13.534476903295854
9.089935857865527
6.117794806986186
9.710512784107705
10.17886573269093
13.390589905502697
7.658844888469373
4.454574944956298
6.43928434501877
9.477122751299849
6.401732968754292
6.9320089790717585
5.63273879317528
11.74198394684936
12.566598025412356
14.618869772429349
15.36738383027852
11.840595265033041
7.339573956580512
5.963684239868
7.000347569181276
4.100306439397348
3.1918386613580187
2.8111975696466294
4.76907835438833
11.736473843582482
9.191498745321878
11.963428946589111
9.99090849500322
9.780074130331844
12.314612419287176
6.611761940970509
13.312137194666565
15.496758420898445
15.193845975007534
15.671158464524858
13.850980070564102
15.913128784800168
15.86059908158104
13.413608731792557
14.709593950750758
12.622220260123548
10.940298629796697
12.352137014288134
8.2946207767496
7.000422268574936
8.6733517602696
12.086203272845474
9.667398205145812
5.0199789608713585
4.688808689847574
4.7440444199435845
6.271141022698361
7.705319213347165
8.394690828654534
9.07578945616196
13.787635129650397
7.67117932789613
8.339564842009088
14.255969546274985
14.693091425701162
7.299118488974007
4.307727335296213
5.9749414859682
5.245684577832261
4.828840907768804
10.190538258766377
8.680162905785851
8.946187671249767
9.447844083470628
11.661825047485685
7.124821327450151
7.33980463511198
5.096608242317606
8.895129338553518
13.69818952743218
9.321290089794813
5.050745549810253
6.587140994097057
5.506272750873178
9.487838708971882
13.858002182663515
7.193854000957874
7.329808023929859
8.685644219162032
8.330673258283179
7.767408132567715
9.03983739909425
5.529370374496606
3.942497899423958
9.221150153157847
10.400795493941846
10.78047997475013
9.21306285511035
8.549215182516052
5.4376321926480955
8.770431182250633
5.408157010199483
11.56257341266501
11.494761238288106
10.549937551344748
5.104427652591288
6.256977273224704
7.133151563975893
12.736346277925296
14.358379562811535
8.168414901060068
5.784495656875853
10.736124962090553
11.986545351326228
10.081386831377664
12.61149647723267
6.6007795325224645
3.7899829170912875
2.8173657810627386
3.9223074186890114
11.441173635734664
7.813818590731237
4.182024730657671
6.903494778622689
3.194938903784373
2.7589013628329706
6.399450227676547
10.034606297025903
11.044904574430124
8.539926531479734
9.512428151409733
10.42068167210182
12.007795753396348
14.381434929573167
14.863687054734392
9.109928095950814
9.432412272694798
5.1244178987179225
7.056986693974973
5.9408511118207725
5.974641883613174
10.11891397194313
14.361228667316102
8.254824900556743
9.1327354445257
6.364421714807615
7.3214626237303255
4.585251590108472
2.8311454848385766
10.261755696267123
4.674129168950031
8.792101071573317
9.490136798707528
13.696187327149591
14.430515318117688
8.57333570013341
5.113615001440849
8.502802580884996
8.598176591653225
6.8166702933421455
5.457652332687851
10.528329772581436
4.862740807165028
4.709298865787058
9.878784285329441
5.868049732884868
3.6805377705499573
3.967370683548735
7.403214782757296
7.813706260343791
7.770521570719262
9.279034792720058
6.218672084651486
4.48945594003497
8.388275734001244
8.970805389505127
5.965875445002434
8.671638565164827
8.242759146508902
10.257608004271882
11.526160328970455
9.61639013812968
9.696880237478608
9.503826431908736
11.090744077907743
8.431554760432975
8.92943903454622
9.12533231663561
10.518950930442482
11.382529287853366
7.319560836045074
8.850465725951723
10.139223601899134
6.8297274753793165
3.4649899951577763
5.150590016111844
9.308294129752738
11.40729574503025
8.236491526834733
6.986981975802852
3.7438379293136332
7.022113985163152
4.782678796032332
4.8754558832553805
8.218638143898579
5.342630456571575
6.271380122866324
8.564694573952687
6.794483131925743
10.02158639051178
11.28690374300239
9.601938200331528
5.070024569841494
3.321132506864676
6.702312856058882
3.6180108900061114
2.544944495157692
3.5598415062585573
3.091876907538408
2.0793443588620297
4.075015662299256
2.177175480032116
8.435740359428047
8.093315256025127
6.837901837379479
4.686820647450057
3.7065125235634757
7.993023322495702
7.930239940032809
7.08433600040163
7.970879307311749
7.152814316307356
8.197339376113836
8.400230754505426
4.048937891527797
7.296730317747334
4.07925823048883
8.24075934577407
8.492386512084027
10.870466355328078
10.311303087202282
5.139998807883926
9.296086882705517
8.00101383836268
10.537071179866203
6.434311368337815
5.520912697975625
7.406927221425994
8.768301385887684
7.632048222315698
7.734430811707972
6.882511889128652
8.573991655906772
9.107893743869234
5.942408813548847
2.6323774460696097
7.270415470808599
3.015200153976569
8.14193442790973
5.035204533919382
4.832585357014054
6.654455250636547
7.99646729853896
5.604366896670292
5.33311229536752
2.7107082488569905
5.6571887834873085
4.67453977274206
4.614409934772265
8.992009523514056
7.425456396929217
6.544081693531944
6.169257081425501
2.9183535650147614
2.5133912940692773
6.89766851577968
3.8666274118754593
0.3842898347621757
0
6.062317174238528
3.0804931694238418
0
0
2.1974906613379064
2.4080130526406585
0
2.366181374243051
5.477321708408309
8.863843490684912
0.7899120322610118
5.783747341455992
8.831242716982867
1.9207428403569002
1.426428762314039
2.0345387163913786
0
4.483369842984361
4.570758423158073
3.412117617937321
3.9101131007128282
0
0
2.3885566449407625
8.442129003865784
1.9106336453396242
0
0
4.407947856016073
7.134874237466683
0.8954618498456313
5.397018556077279
3.0444364442788547
0
6.04923591295395
6.965082092789434
9.051249066128525
5.407949334161633
1.0287016256322108
1.7548151814495219
8.25931616294086
11.737344465360636
9.078618104381485
1.80035245388508
0
4.785042807857361
8.686792129153638
7.107651019416998
8.590688071122273
9.630069330607494
5.668419166241466
8.44311973749453
1.6159081003093458
6.770647832578728
10.012870561395248
10.28839448972601
5.316531740231239
0.11155413165079864
1.3808205143380397
0.6066301288292193
7.292694978410088
9.899009089970285
2.5055932562804077
4.804073880567854
0.9213356809705715
0
1.5457569905463187
3.1153299265567
2.86483402449354
8.731096756473713
3.0773421976629374
4.2288821185334164
3.269377317235027
7.0485693740982605
0.4050470816192302
0
0
3.1669956270880517
1.2071014388979027
0
3.702989167728629
8.016172755671368
8.745031761115737
9.274672924370996
3.951695231717361
1.3706466052376696
0
7.844825490803394
11.179378656220432
15.781944170612455
13.082722697349979
15.35091382624145
13.325797750436529
10.1930902507994
10.168381079249732
6.4833536774525005
0.8303708447481677
0
3.300826750377441
7.73450544707136
7.453711478312718
0.8157708038922875
0
3.215613338039468
0
0
3.2479202099944686
11.790405423270283
4.542459039723402
11.611911438849802
2.091284310331063
4.996861939247015
6.2594573238246225
11.674672318724374
9.546935450962792
1.0297463515955547
5.354076604633588
4.415172480312272
11.453208601904048
6.344956779527029
0.37033267067624376
2.3581335967675257
0
0
2.175790137761682
9.722941316872163
1.225153368510795
2.7644621967670697
3.6007679892286166
0.8106939115386886
0
0
2.4619241516796553
0
6.921023420090851
2.072920173374885
0.6822634555620306
0
0
8.188925999758636
12.868985254214788
16.415570051185405
6.799633915446018
13.495850709843335
3.041216358591292
2.9449824611162105
4.386965392227238
11.229945897768983
2.339372470865338
8.544959917040568
4.781426062226958
1.1651440200657124
0
4.558142106527334
0.507151098313499
5.306718333455337
5.3817439089064765
12.243559796447972
7.500215834811641
2.4737213802149514
0
0
2.9346971713716554
3.924226432613678
7.125663096157938
5.449263067308772
4.567171011914858
8.984438984428781
12.979100605652915
9.214292348758185
4.557546370813641
9.766186398313037
2.952475339584457
0
6.3290046233230655
10.601146588205093
7.71765402786308
3.3789959584820917
5.207524345614646
1.7633697598653812
0
0.46770541115913833
2.4952344678693326
7.274988589357221
4.805841718014071
3.343597719258393
12.316808086974593
6.321758858870914
5.192673482618416
6.068487753481816
7.423209152594365
12.824973798884988
4.049200815219784
1.0056202610787368
8.260365854913465
1.212896029517661
4.558488021181172
0.30067668260092084
9.862673986108353
3.1601634933180653
0.6327469143429791
4.765683898641881
4.770272979596177
9.51597127807053
9.552443389832902
15.645378907212205
7.684621236934838
11.875206803583307
11.025799155539492
8.226280060106742
13.103273233251674
10.404631787031775
3.811476658846776
3.4133556063386976
6.903198632345717
11.512607558876365
10.4433194000137
13.577974804559252
13.74811396623819
7.32947272057477
8.383788124820224
9.38777838534762
4.397939938713032
7.391351907537077
13.342198095219787
10.88942020878502
11.221058427031256
8.155898236549795
8.810958444932243
8.087343752753567
10.20774109625889
6.033777048731834
5.118695343339458
3.555451282653536
5.1175107887221385
3.681512668104989
9.107290899476215
12.660904444681432
15.757953650530741
9.931865887681333
14.424276616155742
13.356022052846525
12.140756823172197
8.459546929073834
14.641174323752077
13.06090437715691
12.436083990825239
8.523925447650244
7.415348677675362
9.75497158078265
9.377640481317872
11.673018641762335
7.696055684424258
8.504144399229546
10.455782673924219
13.776574352688652
15.658137120419607
9.070727311013993
10.983546643821908
15.80534812329014
10.935496916958535
9.544075387125796
4.80165399528161
11.93395815412025
12.275270404589387
14.85903396336633
14.082679969071606
7.282242341417895
6.59743481497476
7.44025956803651
5.301259172100138
13.288277562275912
15.612743579875115
12.31194497384734
13.929295765549824
15.675914260523308
10.331026729336369
11.291739778171944
15.725578540165788
18.75815019777223
16.48624566742285
9.988852039945922
14.674093174675361
14.686538466596126
18.389536024012717
13.003242920125867
14.483717575309043
18.32627692531193
15.400659505472738
12.118048446059465
15.262653185014019
8.492038024603275
6.303065319967419
7.209493490994573
13.239076820856667
7.7900249060586795
4.352789145250197
6.002950447728953
8.848593931752207
12.22344202178235
14.79502215281422
17.913310975260906
15.247857886600256
14.485289515388462
9.421231946707884
15.62280967007484
12.10414979487438
11.64386494961373
10.428029635449352
16.294225765844544
18.344468063343868
12.825114862812947
15.415161083623657
9.63899920693742
5.913112279342114
4.4692419852265335
6.30437447663758
7.943251867125045
11.972688078321553
11.410763740106631
8.074006477560008
11.936123575623393
10.092334024027835
16.269976990265278
11.213592028899939
7.214994266960334
9.965429261743836
9.797137975478233
9.612401646491652
12.775049212329062
9.153114613865409
13.308638848734486
14.77901270043884
17.094835425924853
12.484322249648418
14.593232688212023
9.764312849483536
11.431967944050964
15.481524646317537
16.35410596207392
14.880800601406936
18.773863292572
21.407878132629953
15.884538492997553
13.169174543456215
13.796737231078804
13.170608964359921
15.564396607303102
17.725860447190627
12.07800705774854
9.407275455871007
8.22304146795209
13.660935692868529
10.510709602790968
11.55044193336808
12.368490201119894
14.788111057186171
14.785966703514196
11.362087358030735
13.97484058524731
16.532536431645774
14.064338085607794
13.351872221599276
15.845742654081075
15.545832808960938
18.266344250601577
16.29123630346493
13.12016416144666
14.224305613121835
14.90604921149233
17.40943169907698
16.791992470637236
14.50928277452688
15.178619653361682
17.18270646970236
12.035811900462528
13.310344651481598
12.523013230042189
10.470902139153694
15.687469733378432
15.854498662259871
11.282553128685594
14.825246919418714
12.458051903406599
9.230632531232624
10.950474583014685
13.097975502929913
13.505634435552466
9.723894181671415
13.117921437116493
10.103026133164331
14.987203940943537
11.297638509657684
15.645958731591392
18.549881172421568
19.372538899724958
16.9551807152213
11.580723105269085
12.491451223965162
9.630747063570917
8.852846929283139
13.773081574055563
9.939471342786048
10.689882026955758
14.951222311298917
17.891950268672396
15.214121287352576
18.384404151513113
14.84698263288041
12.07134669473817
16.99165901951993
17.746501836437186
15.132081369642249
12.767565831651014
10.618664035070056
12.926196090036552
14.417910163929538
17.931836126291337
15.808744012639153
15.264714262526693
12.69673029321029
13.062046264683104
14.165758170989832
17.137737490985117
19.15638038399471
