15.274530935695601
15.313847598986758
13.71212968776664
14.66130271965876
16.1186617084982
15.6591632707184
15.090910856641438
17.207465037106623
13.305084734250261
14.468710862309285
17.711861966506767
19.18660999988325
16.89711021675495
15.93429084050899
15.523844069092096
16.407471163607468
13.10271941919305
14.314978203518546
14.810185909878179
15.00613612103544
15.077052734822669
17.991230702102083
13.895416058042045
14.58018514625132
14.853892821825326
14.956340585268215
13.500384140487915
11.246755995949966
13.424673382972752
14.326586386056348
14.68020330858808
15.226492988500485
12.826489265561348
14.022409088502215
17.73288519465803
16.0455188620712
15.331790639453072
15.023941721517696
14.884957308329223
14.823490236433187
16.447173113758165
15.467361029475828
15.058956074140179
14.845599873471812
16.922322656447726
13.198005567811073
14.038577441355676
12.694952624152872
13.808096711391702
14.261532108704923
15.962095066286004
15.138531443798579
14.78534861911567
17.65484921055437
15.814102893117209
17.802327259710026
15.85629509205317
17.015945794571092
12.714421024996506
13.59481063724911
15.260923692878688
16.32988925800411
15.179497625386713
14.695826560297444
14.489977955697146
14.395688219245802
14.348016016955327
15.97310975497814
14.989711664791391
14.572532769849774
11.268846266725852
13.007874127307865
12.434614734534525
13.473253680337738
13.903517195974336
14.079255736019707
11.88014060158291
13.2244565596712
13.796833782525447
15.535170481037017
14.732949851218127
17.15903850622308
14.306142380922783
14.208010455616925
14.573075077101405
14.311815227886157
17.419622608410922
15.489295234760434
14.684066839303075
12.337135369621873
13.368621202712236
13.797504413400588
13.975567254353626
14.049121344122357
14.079458187828187
14.091609314203208
14.096463150756078
11.410133977918981
11.533199876562385
13.005782375680347
13.618257609984402
13.871866293941302
12.03008293873732
13.204777404235042
13.690902341515143
16.981581758127525
14.553654247538741
14.238424104066596
14.445119815049088
12.234662941558934
14.773261641459072
14.383992571564146
12.381821824742646
13.288010924239062
16.93660415173527
17.078713289774928
15.218919624659613
14.434615043599662
14.09783273298238
12.264088660052119
13.175799798029718
13.548097829224986
13.685913506168852
12.048543545448123
13.709913602671648
15.24105997010594
14.345310732453946
12.27677411142832
13.954181013917484
12.797840623563633
10.669030192711585
9.449174862199857
13.579811517663233
13.57897583444547
14.835165046355307
15.420258851908232
11.70530125941758
14.398456064598562
13.856768649535821
13.619835035291178
13.509792979545836
13.452526827683151
17.58127277997447
15.115126699789762
15.854633448984002
14.384514412785634
17.659160448622753
15.114109965116302
13.069413480680916
13.178958239975339
17.731482496897186
18.376891325335954
15.355912673418693
17.364255578170866
12.078822223312102
9.511389231365893
12.50522029256857
12.855310392204924
12.991011614974992
9.675687222219338
11.650838640042
12.458950690738703
12.785995988912019
16.190954979492933
16.803285085577038
14.568459678699952
17.88222302390701
15.002829117602051
10.960289497630278
12.101048052673738
14.07584385705883
13.384612915014415
13.714426894894988
13.227068518509142
13.189218635411638
11.838476300239702
12.419410692866284
12.65563691963738
12.748972974800498
12.783218249951368
9.871992565967997
11.576977123495665
9.717210031982066
8.050150094801545
14.17248969284894
13.355018431130954
13.01395990361507
12.871422563202401
11.927351550074434
14.545495406667786
13.494185081453267
13.056015644899578
12.873403058040054
10.229640537005913
11.693872968503964
11.417829166563195
12.008821626385599
11.18897016686551
8.983340343467638
11.158747760238166
12.059150430806444
12.428258623632246
12.575976407582758
12.635989150186136
12.653384460028963
12.65302108564047
13.624988892550226
12.960173230369836
12.76292560098391
13.471630854494158
12.960637351611316
12.739074581603637
14.14446119813792
16.403133612039927
15.563200901461682
13.784613151953083
13.034666512489649
12.710583528720438
12.565284238081007
12.318335922450672
12.380410057035995
11.06817681608329
12.192834505898865
10.081659334266043
11.40302405214906
13.271545414202118
15.720651959783396
17.52585059341928
14.455726408236213
17.32804508617173
14.348571985699362
13.083283725105726
16.354108413334295
14.877086111797043
12.1301835216743
12.036817016397038
14.112032855631774
10.270763513286143
11.313948810696736
11.206649588912686
11.680544338810718
11.866535412824026
11.932587492887373
11.94855787669137
11.943502381538494
11.92970161161709
13.95112250893637
16.376463886018044
14.364547452445802
12.893525646809767
14.307893872487558
12.848010169543967
12.218099348563772
11.945117288734926
11.826209101498245
14.961309261148575
11.298009163577397
11.532034929743102
11.355896176248827
11.537676999524887
13.288589148358987
17.109360120170976
14.97284660626333
13.00982316377913
12.183098045412365
13.957103579073102
14.245487158857129
12.674225468015367
12.012191808975604
16.42514805535648
13.740392638723925
12.43722025973906
11.889133178902467
11.656283803206659
11.554926044398215
13.813071889415786
16.256399721084296
10.80612786703661
11.188157874394957
9.929201351454928
10.817922154768869
11.185985020131788
11.337434121600918
15.386210793851122
13.086182249288164
12.12294034730838
16.77101895043591
13.924092120958562
12.469261327858634
12.305085671878292
13.29674668313297
15.566773569180645
11.549623249092845
11.46498751155899
11.421934009395432
11.399529473911878
10.414912366361632
12.57073726032762
10.186333371737547
10.868032641637836
14.866652133437386
12.806012424676156
11.938803485802156
11.570144814686559
15.750359193241671
13.143576869799006
12.040940497429247
11.046961021646922
11.158396643602273
10.842695762786903
11.054502973284503
11.931103113255814
10.51982986277145
12.406485083544949
11.653521051074781
11.334314980538863
13.942819396887597
10.767397643910172
14.747230394086108
12.584624588512082
16.45639040710757
13.274253559454126
8.572678843468193
9.966346263907598
11.511213191865739
11.167943483207255
14.823201655937602
12.5247903483332
13.593660621647572
11.988527914676144
11.30776331207915
15.36252748379846
12.36309924094544
11.427981224749566
11.026431635477145
15.747882159203119
12.80291738573874
11.563777741180134
11.035467640529363
12.54015766968428
11.40668489887944
10.928509594973464
10.723396745524244
7.273355899126653
13.940020756337688
11.943354836886314
11.105641408359727
10.011581781148385
6.644662797076476
8.858727733609769
5.730042234115402
8.456476841460688
9.582047374119469
10.040539095985583
16.21265528543401
12.773949499235954
14.719326999692253
12.133589169996164
6.3188562486899205
9.389886518794736
9.891857291933768
10.097165943761603
10.175526444618662
12.76356335196536
11.273544596663166
16.51006512174378
9.74500403647889
9.671530759784975
12.52432965916956
11.146299407389156
6.940140293022607
8.81212939671532
9.589557699958476
8.484353861515494
12.423928160396404
17.778134645389287
13.319011321653317
11.271223127339336
16.194753943440183
10.136317790642494
10.139095751663127
10.139526557857627
4.85946989275668
10.497913912937673
10.282515872652729
10.191077780971593
16.289951519709454
11.949679944084616
10.876370158755261
9.410492806296649
9.809705392699414
9.971257160149047
13.833578196751674
8.146824294723746
9.261785515752186
8.42996295318051
3.1243160598828794
2.8315375777842497
7.017452974222698
5.813305434911835
8.243254575837362
9.470939304243162
8.185286569970344
9.205069432092243
12.458139672521156
10.966806163585968
6.432001414174663
8.435171336928983
9.259176442367508
9.591728046203741
14.75763853112667
13.735522597605954
13.848649771880986
10.582886256426317
12.511643423163829
10.878693424870768
14.123526228721794
16.288582792613184
12.415263451277916
5.784972475209672
14.839733987437356
11.773792365987546
5.3423418996733965
4.16272492304625
10.26638837351507
6.061792300266298
10.201217657832796
10.524709111769774
9.872876296569665
13.257556728758367
4.757419936851372
6.017535216592763
13.821095415448841
6.193379703578497
8.00639355624676
15.713765726657687
11.94954708934586
10.37509444255402
12.275246505434623
11.805819547248564
10.274702521933278
8.886131692508483
9.035791835846286
9.087307437823549
14.961609173303309
11.53528279087109
10.096924814681184
8.748100866444537
8.91558075364584
8.975622747421022
8.991902643368341
13.203201239544889
10.737340552114755
8.68784543297355
6.451104591397627
7.902311366123792
9.96195766297592
9.352253114013667
5.601431511336419
3.2071449886941403
6.5199186354512495
3.0295971735464775
6.437086670948018
1.6118323581077991
4.550167805036094
1.5074363576211924
5.790931766656752
7.573663519117069
8.314515246597285
4.305731671967344
6.950231985536793
8.051946929268382
8.500230972387735
5.746685554944405
13.265363788890193
10.671665850354145
11.876816753547377
10.090655391761192
10.118436094572534
9.353652217819976
9.032471651837586
9.53153717444139
9.099786876869729
8.915767113551617
15.248394782676307
8.253171684224098
2.44406393593772
6.122019462266449
3.607586447225441
6.594170375692443
7.831561166180242
8.340001664261308
9.042951035072175
8.829071472378978
8.731238725059521
8.681577285550702
11.764074889876053
9.926866247619753
9.152074631726752
8.758994325731113
8.637048647517355
8.576107770732083
13.991239923208163
13.898336610312317
4.362472251619125
6.76247445407089
13.339531485815623
10.480049024790171
9.276924631846466
8.763859619764823
6.836075656958041
4.095133894018762
6.569109040761219
5.335519589702926
7.0615339771100105
13.356658369929622
7.163577034581753
4.15561644905348
6.519312190706586
8.542907246521075
13.416294379128026
9.476343564564718
12.92883415485838
6.482021830535552
7.413092264989365
4.584640276206948
6.598056205668236
4.7527564125212045
6.650065107977186
7.4346566849732945
4.427255222078298
9.758562558972702
7.9256321264423475
7.907484095556526
6.38649728296315
9.145995283995617
8.382011499362175
10.48701854642686
8.918727911878074
8.094984230503995
7.751253456288216
7.6076279416805
7.547386288751465
7.521141447152337
3.0277368975532113
6.473165487173756
2.480869520165381
5.402170401841315
11.71108387956077
5.293292816714775
6.563829234947448
6.544214594386932
6.530978198776964
3.434736080779625
5.76893551627247
11.298341677948462
9.034172126691526
8.08424012691076
7.681950915591315
3.3450743008607953
5.6921504455766945
11.756345773718902
9.180539774145068
8.098731368169052
4.3287648739723705
6.059683780987487
12.611287645001056
9.493270986493942
8.184921974059227
7.937100602210442
7.517284823639892
7.331962376496344
7.244311611918027
6.120763837673602
6.71813598618219
2.687961966748058
1.3168586645809173
0.09609242381174621
4.163138716281155
5.846091765891558
6.523082072674214
4.120625328004195
11.086674349884749
13.445262733150207
12.288293431840243
8.82114352179087
11.200418331200037
12.073390680680884
9.032847275567326
7.753491232300506
7.208018818198022
8.764178632652834
7.603874475467637
7.107707055687765
6.888220474890293
6.784313536124786
6.7286692678788
6.574350639503643
6.6166593040643695
6.610403176111624
6.602016111931315
6.59274108738618
5.394321116217627
6.065988298877887
6.334339538546816
7.794072889317162
5.306050572498897
5.978660632267491
5.602753230403438
6.8189172027764915
6.583693040426965
6.4761763782675175
6.426697470540475
6.401402895846617
11.573307376879532
4.782640659891011
7.2640441483579945
6.706619003731577
11.561125526413242
8.4830219701748
7.194231457171039
4.511321660006592
10.835507289749748
7.275184541277466
0
0
1.5517195070100005
0
1.5744080515399999
2.422156011356744
2.889936778408959
8.16354381693543
0.0358737341258335
1.663468602796545
2.5477786324432365
3.035662930787712
0
1.7084125648150001
2.636337561603285
0
0.8904863998841206
2.249367301957167
0.6947050402502049
5.122131014583655
0
7.960604742791166
6.104882449732366
10.1471693038616
7.30983253435855
5.8096478960907225
5.02227861667401
3.5891409209251215
3.4721172170985186
3.81245378937477
2.817609191477996
4.989530411398546
4.644657186196264
4.471240334230326
1.1397259133766582
2.6207710895647853
3.42054826030477
4.2596400292877545
4.3128552635429465
5.547038704592901
5.016582682421772
0.6981756823113576
2.444245982528341
3.944263225362504
3.479586314473803
3.944761343806222
4.197381376907
0
0
2.1054594031560008
0
2.113707818029
3.242814002282275
2.661364198220441
0.12830687673453145
9.260408071387218
7.072109285892219
5.917326413026087
0
2.172078065328
3.3458496155980217
3.984609114822105
11.573246074715
13.571322024930584
9.482382289435959
7.323092262585028
6.179185104257371
0
0
0
2.310502804116
3.5567244793272987
4.235797123227046
4.612590540018951
4.828351595450113
4.95852711697718
10.052217840886431
7.777484145542
6.579437245706211
5.955910419953834
1.9134026427209685
5.6476869175068
0
3.7053947660453845
9.512340281219227
6.750232983398701
6.158431888376547
5.857568824072725
7.862020854666096
5.43664434257668
0
0
2.656228053045001
10.40134810524392
8.237605116349156
7.10476297664091
0
2.7378295016420005
4.205656819637172
5.002223477279395
0
0
2.796418331371001
4.853223399436731
5.41029454020344
11.071741357102004
6.0387249927081585
13.540122742752171
18.51617371491531
12.75959043792281
9.691856017914612
8.058891347993237
7.195206457644192
16.319135620699683
11.62425761260835
12.941647135549612
8.657478917213457
7.5518064150621
6.965797682753137
6.657248423193073
6.493435538291823
5.0396575562203685
5.636630138166188
5.956091987273478
6.127474109338129
0
2.9959377057530006
4.796058722558303
5.604585024440111
0
12.459465914728408
9.73623401598208
8.289748965805039
7.524536034024569
7.129613662564511
6.932298656197423
9.327432730747425
8.147332155986826
7.5320495291915694
7.218198016424621
15.2985325528146
12.52052684898703
9.709167476032318
8.440330732245844
7.771123899711382
7.421879587820993
7.251392728953283
14.833279630367898
5.261834159872208
0.7467250947027022
5.842751114152178
5.890576659087779
6.532991164609239
6.893125299591491
4.390628798551551
5.784742176360108
6.5458985426777545
7.145944069968351
0
0
3.54309649338
1.5852747140881114
0
0
0
3.6024964299730002
0
3.6283326079190004
4.20899453506543
12.211956854924022
10.182861018965458
9.111664257889968
1.038519792034334
12.294329549869609
17.73400681402552
14.69313357218284
11.566645077640763
17.563201327296536
15.58559019228391
11.656913378403202
8.228882475604136
16.963449174380784
21.050983085835007
9.027867937194458
12.40949940098776
19.78607195481348
14.340137580301473
18.325502398728965
22.374345538919194
15.72722210381228
20.414188075638656
9.474881630516009
8.944716032618343
0.20287197554373648
4.024709474848138
6.078265245142966
4.668464432929149
6.4506093623089935
10.848581020583214
4.95313069453609
1.2459105504283485
1.3947689453151044
9.746014743468926
9.248922938835019
8.999149971768366
0.0251484219305258
7.349714945924934
8.034059333250545
7.432506259158005
8.112432392977713
0.21238411962382742
4.295257003767274
1.0914075463571091
4.799888176329154
0
4.243604432185
0.37063917841716876
4.501400575443402
6.722126838354599
7.9234598272690135
8.564491110153746
8.937738982370039
8.638364455064048
4.8200158522037775
6.969064367984936
8.129739882233762
11.499487975009263
17.540724659896874
13.86782934550918
12.76631356190163
14.869329641274756
12.41966831077721
15.693234671451442
12.88018843499949
7.64006723055819
12.608456721346759
8.077281590871905
8.852537698973249
3.5506361447282373
6.452041195655988
12.013473198538945
10.98185852883738
10.437678680973626
10.153002469694528
6.398061705854417
13.427680287252363
5.4788155707541595
7.525793239993419
8.619491265555489
16.45474182887225
21.060554168944932
17.73874280634662
14.076619636567557
12.128275971290448
16.64668776596498
17.931273224274683
20.027844387638275
15.366596807696991
12.824253404789115
11.470997253491472
18.283974903823797
14.315845675505678
13.340202745637761
14.525809966395682
13.473637205900665
14.752431281336921
13.475619167191358
17.885137736932613
14.413720853087241
12.576036419489352
17.73139261177073
14.37622839376386
12.601103265213395
14.26537311779424
12.572837723874006
13.153194127298914
17.849606078752004
20.935182318829188
19.636185957179347
15.516520814519899
13.334000038369817
12.184978686769135
12.365819308374988
11.714750535833893
18.624137797360806
15.069551611538724
7.605911096657128
9.220346733359243
11.846699098607143
18.62074499113666
17.17365503349708
20.363674986677303
20.10552324707792
15.975151205834777
12.43233356657811
5.7607230780733305
11.66067471628007
11.520654930723044
9.965517745162536
10.640983969788728
11.013487681876263
11.223583644232173
11.345937180317287
15.145541518209308
19.014809080783884
12.768279766265417
10.42968592479604
10.963891343220167
10.608852291220721
5.631527380676397
12.005283516840974
11.828196106000345
11.738257733806783
6.956385531061087
9.142979035106196
10.316961128902665
15.656291758473138
13.796086156096266
12.306203070251362
15.890966727524082
13.93895456405285
10.841173610555504
12.432347166221255
12.096401769169661
12.822293297688862
12.306585889834777
10.398779057070604
5.857743231811799
6.777612984378635
15.037111556902744
19.87389466299047
21.756302002425116
17.21638322483404
21.91441643793533
20.062594452408618
15.420662728014772
13.885199844893682
13.078617612188268
12.66146417681166
11.382351038155281
11.783432343811658
12.774394153117878
12.5542687715117
12.451034164077642
12.41048755508783
13.02579052529089
19.29135604382229
18.279022883984084
15.581420318750906
18.58727408366225
15.795806628580177
14.323771186160382
12.555759901257618
14.708278281682041
13.779055063415537
8.894585002680307
6.19932168442428
9.291528382373796
14.642202618705259
13.831051703959126
13.41517879323359
13.210153576867445
8.710701494077245
10.747556286823619
14.354402573623894
9.048026213064361
10.956334360215143
12.26493365252474
10.846587420406975
9.569034827900392
11.772080274691003
12.46768866136312
12.85130029649136
13.068430464995789
15.80690710889727
11.848208691502983
12.55403371585399
8.744689968145881
10.912487519258642
12.07529918463641
12.700795706031988
13.2096477600549
14.446612660856898
16.49381528495005
17.161808419244323
15.432880025224769
11.383225262129212
12.31054491551596
12.460358894468296
13.022264763741283
17.969943731315322
16.039137614018376
19.182869644114344
16.655445668231415
15.317330715195283
15.423045217225681
20.066942739464555
17.55219042067993
15.83732039171981
17.871595728532334
16.030108594697854
15.058932994351775
14.552321556770107
14.293306705180528
17.530541528860805
15.543740739807813
19.07246812546059
16.751656540804767
21.23183199216248
20.548208468623415
17.577294365447454
16.00494910896876
14.07243122437746
14.161111512942814
12.689366458675183
13.450226898535078
13.870469616190318
14.109416209217153
14.252056648543274
18.239676758872708
21.87326216707141
18.611828280538532
18.483859635747216
16.655995961649715
15.688490943998287
15.195508510311486
