16.51193390283276
15.829473415392812
13.403650923814274
17.755628216009367
17.146397122003112
16.104831459716753
15.651714980042772
15.461216116954224
15.455793038290977
17.27942950577069
16.11814236439025
18.326254526063007
15.64016586011957
14.185000370374057
14.794914730186871
15.039635382597272
12.205654723215623
13.94117134470475
14.671831434001326
13.592127043800394
14.487835152338825
14.849922664221989
18.21233844638166
17.377720125754735
16.019625647784398
14.216579697120393
13.388378294015006
14.322712567426453
11.714630089017446
15.136024807396232
15.01749629876041
17.067898112863787
15.80058711569994
15.261715662654966
17.922216718077003
17.188504233368278
16.872163569160954
15.665815121326972
14.384826733747452
15.613759246287259
15.271875590424148
12.116655164625179
12.56803019394414
14.021294417003269
14.402646058745262
14.437669011761816
17.25467375409074
18.221820290859714
16.111142468108444
15.761962159368412
15.065310806466417
14.764841442731758
15.824557931571709
15.013264986368291
14.713354746898869
14.57869944633396
13.941662677555355
16.21811846744985
16.895774237005703
15.450604688914677
13.090445339933412
13.838019961194654
14.141135689406212
15.65431959309324
13.663860245738187
14.051444969505905
14.204569854788712
14.260487266860057
16.648502903602896
17.178269572230167
15.477286199979511
17.788147129165935
13.641544431935632
17.329884892946527
14.088801149925164
11.49175668837194
12.960707420229252
13.67472875300113
15.031142288783563
14.527493373663711
14.31305080057567
11.096491103271733
14.265744075944601
14.191176481932516
14.827730381091495
14.417930093058828
14.240972075438815
15.621347514395922
14.73909302422718
14.370596600077867
11.355005110565884
12.958430587803203
10.634130793937638
9.59953286857136
12.225314670066087
13.318987710351738
11.567727393614764
13.021116659177274
13.626270632185971
13.877964959548695
12.952426851575664
11.845552818538646
12.232398196834566
13.289082172284164
14.397618032613028
13.743524905478834
13.906537672116231
13.968770627088034
13.988256842970785
13.989402455085926
13.982448134814707
12.94236299484181
13.529956578496183
15.680957169295798
14.64545874955476
11.21768011022911
12.776627098742871
13.416911748050156
14.27992415877262
15.087501375834943
14.762231750123854
12.918224761731548
16.057556449379028
14.720251453051443
15.411971834624817
11.501917281346302
15.290486014070307
13.913561250193682
15.879162813556833
11.899125404114855
12.893824926820262
13.302623719986403
13.467277679153534
13.532082983938478
12.918517144572261
11.481551421342632
12.663331239153877
13.144818684811423
13.334377953378521
13.40215483220243
16.077480739059165
12.663886772894502
17.34121491315028
15.015094586684125
14.040239407374877
13.628456415647111
12.0300044408407
16.6667939729013
14.689328010840372
13.853976624692784
13.494430233537484
12.891436998931866
13.07012385560611
13.046166505551223
13.112322934997996
13.129171182196867
13.125723811464235
15.77226930866916
14.20650839546564
13.546443822933732
12.55657714346296
12.836371925114216
12.943267417276294
16.96503753574225
16.417297734716204
14.407618749596242
10.552588200237775
11.948570286579082
12.520428270989505
10.892562335354674
12.065262530592694
12.546803676275976
15.756659773281173
14.078066958932666
13.365351017570443
13.061918656013205
11.867739574395415
17.475498652879473
14.757409359042477
16.45566567941789
14.323718282079437
13.432011229399302
13.057345840139892
13.427564666341734
13.046315692619402
12.885741725235306
16.008218064446208
14.119129938820736
16.078577417750452
12.909710353491244
12.812553449794603
12.771979743987412
15.413440398270367
11.376642540686126
12.171828703437509
12.50133598141921
9.006149599892723
11.1763731695601
9.332364950715437
11.304186314078324
12.119754676191638
15.377612844843389
13.804972311561441
13.148111743374052
12.866785944610369
10.794781496081448
9.307922695331364
11.78123085403242
11.830159872686105
11.400146939393892
12.097450004189035
12.379384413932772
12.487572977210187
12.522902526201486
8.897907299637097
10.565684867994774
11.691997316611022
13.480961714844618
12.710505720179668
12.55464482210047
12.30308486746078
12.363140289727708
12.376830229388338
15.649573880631017
16.115863811741036
15.501091074042817
13.637034760073643
11.166363777913315
11.80572825221488
12.059732206311141
12.153266008661454
12.168499724474028
16.947170804339713
11.404340561866903
14.580101987292991
13.14492470507339
12.535365337406482
12.269477698675683
12.146813011748558
12.083772985575225
12.046041658199998
9.363126605579522
14.079222807086442
12.843060812118122
12.316241754730822
12.085022108426335
11.977428567860056
11.214171864465758
8.670682606815342
10.520892165635553
11.280801508785537
11.14512034151133
11.77555226919449
11.760707920761746
9.093654177629803
10.63284786019474
8.34294952571881
10.300661578647428
9.33711935274117
10.696452697169248
11.253908765495627
8.910327952113851
12.53056278590257
11.992123495834802
11.759022593779964
14.046096670396603
9.234169271655922
10.41021419635934
14.967131628304317
17.656471478070753
14.075006441003284
12.223721835077104
11.800168385345831
8.432089969460147
10.211404473876044
10.06476246675454
7.874708996180837
11.299057322250158
11.393561578382442
13.823236167174853
14.744687786594811
9.192303834610996
10.506667171594403
10.25733422944642
7.496151848610541
10.769169343367855
11.157159484784986
11.317749769649904
11.383198470068317
11.408339279052669
11.416067133183248
10.797514420435775
13.8135582741104
10.638342136312191
11.077470881530092
11.25599168853039
9.557984175137001
10.442286402919505
14.613514539830016
16.699760794615987
13.575516826568082
12.26665456235052
13.57533216865531
12.252086316831468
16.034524217185457
13.351898659235818
15.31755395126542
12.942394731944702
11.948223870683357
11.524748764383355
16.21132065934617
13.28149126702835
10.10828372237982
10.727988478784471
10.95409151587109
11.042862693219483
11.07440768461496
9.2178567073812
14.455810461859446
13.970195230812516
12.249719937463976
14.622571294925253
12.498781936122954
11.602353422616837
10.333000050768828
9.34979718717176
14.685559202423295
9.280312533682327
14.190192484419846
18.375760461729143
13.969323114436135
12.121205983191938
14.451410282387155
6.6067823505932015
9.017438064616188
10.010105914257567
8.709792803808368
9.858172727889748
17.563870058765275
18.699512668107637
13.973288126722453
11.998013160015647
11.392688698432654
10.905148537722487
9.951037211649448
6.102893981417157
8.67192136988573
5.4209221419420395
12.435027077486769
11.271572529256737
10.776167284429285
10.559197149926485
10.6818807440125
10.498839661220009
7.324749094601836
10.394459114309743
10.34031140505327
14.934364418818333
12.2144258609908
11.072705405166067
10.5930879218847
10.389368747262157
10.29728735283734
14.052330218288084
9.833262952338728
10.046359617577549
10.129359057852167
12.307749688927228
6.74490266545423
5.9353486510081925
8.396753371517114
9.419100066523983
9.842482378067745
13.541863958355638
5.3149537929545545
6.837415297549137
15.724024019822789
12.462438466600558
5.961547877787638
8.485757803250863
8.436908126404365
11.854795406644083
10.663897593947787
10.354489715362444
10.222751009523131
11.490273887299047
10.692668817380314
9.342174665164507
9.78982270902925
16.38590305920384
16.37895837318563
8.25529588786053
9.318378818059484
6.953134655771601
8.764375043200827
14.275278700178596
18.07790887876679
19.792285202935872
11.144774193093816
14.548658396734115
12.657141126103152
11.086576012383585
10.423156818484241
11.599248877871318
15.931852439313303
12.414302273508255
10.938306878717292
10.312948824003897
13.84180463776119
11.501309215224289
15.003125850538417
18.37725718178751
13.358290140877656
13.542405532072124
9.20543508714276
9.500996411250789
9.611722778187005
10.41930943031177
9.969537241206915
14.532512341987335
12.15712958215381
10.655951110305894
10.017700379836867
16.97809108768284
12.631745868368242
8.973259806388509
10.038838283336137
9.68318065534257
5.756636341668216
6.039968002359807
4.501026483156655
7.3377717082401785
6.805504597880521
3.545100586757334
10.840572753226724
9.930757747624776
4.261045944647051
7.171296015558027
4.887637009995154
7.403302545705381
8.440173687390233
9.497271411452179
9.290453756730123
9.193425060255844
6.339624715494823
7.942501867302294
8.599813003830066
8.86353607651599
14.827222748658851
11.439003966742945
11.755170087542677
13.529302052953664
10.873226761062192
8.606910427812167
15.358700222682458
11.61410646568018
9.85795721980373
9.308916129343814
9.572577854288056
9.177731870629433
9.007862189153686
8.932368606920742
8.896771527235074
7.038664267475516
8.101045517041848
8.54092639690934
13.209739324706579
9.78824013847354
9.237329323883126
9.006078498799699
3.7677035768718206
6.725787341377689
11.747778588643246
13.840319279697205
7.008865771910215
6.224831117587248
7.736809076601407
4.324821568810018
2.9012555455065456
6.346253083024179
6.764889153855505
7.95032936488759
3.987528593371537
3.9828255587181345
6.779062740081848
7.939340915464108
6.027377942199443
6.875904707022595
7.962423052683117
8.408830789186656
8.58773016048328
8.655097284187384
8.675503985680484
10.962967930699463
12.457680176762786
14.584778908724129
10.647410507078188
9.461552199307881
13.308571738043874
10.542494429437683
6.852687189491651
5.4425771883623195
7.23463395184778
7.970494527665771
8.271532483054328
6.964304208707934
11.085134541266648
9.540641817996612
10.347132561998926
9.209815264259355
11.011110238482477
9.46288706281845
8.80585178620005
8.519998666107961
8.388506408247988
8.682373821653247
8.431142556704108
8.313599527971402
13.984636060132502
10.602255805615215
9.180083570054261
5.902453447844861
7.196387411962955
7.723099798620565
7.93024945429039
4.480964193592424
6.554854382042764
7.407016288277221
7.756095198204719
7.895539423571107
7.929918101705281
7.932441899843791
7.921896823066509
7.905927594639815
10.003170834188792
5.865430901847411
6.1513993182390845
5.089065683005201
6.6694009536902685
7.038831478536481
7.311154604543352
11.561053653617922
9.194778782915789
4.365037718023567
6.193511621864821
7.047601020203126
10.912407547282779
11.882097095414347
9.316927979124358
8.44492933715433
8.822176242511496
6.1021740310550685
9.538534729999197
8.317773413189466
7.8036971726876505
13.103753310365454
14.987220335366732
10.56487531546572
8.715631598662167
7.937556706339725
5.784710410669046
6.700574157524592
7.073799741676899
9.549006627520253
8.243707616997291
7.691040422005972
7.45198980907389
7.343391578263091
8.659694605341333
4.943183523703075
12.00241189746669
9.20091482815997
13.436620935570815
9.77748379151916
8.241891190949634
7.591050253216713
7.308939562798205
3.3377353286901683
5.513931314743994
6.408967041671023
6.757632200091517
3.7927950549039693
5.642942465838085
6.401693786815931
8.927670940707735
7.752413993824115
7.244148419537409
7.7650173135222165
7.237548093472308
4.120344331863253
7.171105713276474
9.919107047618319
11.370813427053228
11.111936175492923
8.556782749113102
7.479603435793431
7.018396569070724
7.439822800501595
6.977301553552216
6.76068280147321
3.779591900561228
5.416636918508265
5.5425894758387235
6.127771724331997
6.360084691933544
6.434173514041509
6.454116128293498
11.97696821421041
11.18761100596292
3.9329278757131796
5.381101287839683
5.643414530876234
5.854435572443118
5.9376913266200395
2.4431652308874803
3.8506897782224807
5.292289179677308
5.884988708282335
2.601014130600467
4.749343551539615
1.6894436508799595
6.366757865276506
5.118766060761727
0.975587809130813
5.4487782445840995
4.444422134141076
3.923263157787679
3.660217449849506
4.72476814318008
2.7596495465082587
3.0700233287658074
3.251159934583435
0.27303319841932705
0
1.6601517859910002
0
1.7778482579656263
2.657072395265458
0
1.7410437589790009
2.686644708770195
3.2077973755787763
0
5.227837655758898
4.613517932091948
4.302296927543264
4.1528093995160855
6.247135620349674
0
1.2007843135463716
2.5629890090283443
3.302801762264524
7.606937897912002
2.610850075413949
4.240838869203766
3.3669595141692508
0
1.9928512596759997
0
2.0126133421870005
10.010118354537404
7.3725686555911585
8.123984540244333
0
6.271158810852155
8.99003751488586
6.868783456390094
4.717192252572624
4.600358185603752
2.4052645200722758
9.17838602180623
0
2.1013102233380003
5.376789100035047
3.158236624909316
6.5842151103235045
9.04875059023052
4.489008626475616
4.597147115105015
6.880968716054177
9.858116010203412
7.40393960111854
6.108287262143854
0
2.9076955696866325
0
2.215374749044001
0.3203402075714852
0
9.018575724291171
7.083895079423769
5.345984163194895
5.138618035399796
10.20689214783799
7.756900454202351
6.462922265413375
5.786544261882577
2.6673268514996513
1.0176165295503221
2.216781943602424
10.494827618984674
8.013660723135223
6.31472495906783
0
2.4608737056450005
3.7897469149771723
4.514584659476819
4.917109079941831
0
0.08644404049761079
0
0.11628804049761055
2.892868425939402
1.8250188421664593
2.615466302470538
4.036918872043279
13.235351408033045
10.47787089370393
8.278437676271418
7.126551230615429
6.533635742379393
2.7441374995648493
4.209022767328804
5.004019546967649
8.10572316043375
0.36471986479401863
9.87991907298419
8.080659218717365
0.19610550717082553
2.9367010904233526
4.4098389290659
9.214640387202694
7.783072885128358
7.032407835148493
15.636906284604983
18.696107850723315
20.144145711036725
13.651563244114197
10.200840992462336
3.541340147064788
4.817309307708771
1.6386175714429427
3.8105201157979542
4.9735923134657885
12.867957165677108
7.865050837928161
10.576837463054602
8.592186615833935
13.2708775075671
10.044075158271804
8.715759233762668
7.679869619236761
2.1272092615902904
1.2914289782257784
12.956555264621354
7.8655609290924815
13.796409722623189
6.598815873875276
16.21277574730459
10.987274050840576
9.018675896001533
17.367688718273826
12.452031790827913
9.843500551233774
0.7619702956572567
9.94828035655282
6.800479524562771
6.888254841341695
6.942936204324928
4.460004363793643
2.5749303809781567
4.6809644881759445
5.820821821757685
7.381566956399729
13.607480095097003
2.929201386451677
10.689584623559728
3.7108720061933624
5.404549863851779
8.990279315020121
8.256373159866737
7.89036745503289
7.72067343048955
13.191429983321004
10.582043532480089
4.381171089710262
5.904118778440396
15.725411689269542
19.82849731287999
14.182982596125761
3.4795197234576207
4.309170132805169
5.940140790783838
13.519730802752026
10.88068919752648
15.604842984175907
12.015680205246262
10.110753207270404
3.319666928319716
5.489235868284401
0
7.74291360898913
0
0
3.760639155104
5.770136787919495
10.085785621322646
9.153101591889765
8.65971230358738
0
3.7822895852130003
5.802948486790657
0
3.788271324245
13.467512480996557
10.976329943420764
15.290655003925101
12.061551019940433
10.352500612938215
9.454774596427832
8.99012409254389
5.85265838113362
1.5047081912764595
4.791400257247119
6.559822752185063
0.581946591294189
4.343578042487579
6.366182715191372
4.940965518662979
6.716221512837565
7.679511230352125
2.425792761750122
5.400020981047035
13.532750164560136
11.385134538959289
10.257036627524677
9.672824716688167
9.378932378417806
9.239496036707742
15.87066858624302
8.68986835088183
7.447542997349264
3.5581476357113546
10.241234383851488
16.48636460981418
15.337900499690358
13.745512832593612
11.71722362812995
8.31040507675414
7.916488417207542
8.648639778073946
13.481478774181028
11.643793662848996
10.675534947648224
10.170621861568092
9.912437839525735
8.010293272413744
7.287572639951693
6.77087518217999
4.107550432866798
6.726218451747723
8.131610407936584
3.7299567395268873
6.547726665040547
11.50052356770673
17.393257602093335
19.838900976111262
9.30543909281613
8.765838874431173
9.275033832052474
9.550024563795201
9.698190358680119
9.778682368086711
12.138221474844535
11.085136966500045
10.524814067868423
10.22726726171559
11.683303964675137
6.680123099882255
8.184034911368173
7.917627406997637
14.826662698433198
12.536144564085955
11.317262376092266
10.670821881031834
10.958476469163656
10.644677363147727
10.491422256425627
18.088976691410416
18.90719862269237
14.929571695876648
13.161894682604895
12.797431533283902
11.71358443844229
6.555047686063546
8.412530741406508
14.693964700944003
12.78606861402672
11.783480840663657
11.263952723136127
14.162471728335625
12.564622131826889
11.727588579577827
15.161565263620682
13.202617834452205
12.114873142758697
11.56537966542904
6.833598842033631
8.770438859985145
5.498582607554722
2.4988420361312658
5.848227514085084
8.2972920132728
7.843664862993179
14.384043912922744
7.594990546822548
10.754119942140257
10.985242402320042
10.051721927670554
10.412506379158309
10.841801673245874
16.217792928664537
13.964908845385397
12.775059060867648
12.152230150475976
11.83121662547698
15.112236600926613
18.42425553296202
14.983255056773835
13.379057447490519
12.530598858666941
12.08493848473368
12.476059689847915
8.883898837767124
10.157680615203537
10.842315197686608
11.212191681130573
11.411717484325274
17.35944206569227
21.809380346263282
17.4175893238142
20.152006889314706
21.760801894426727
14.167851892554285
14.628542908718664
13.266143613086278
16.546348146050747
14.29163269200668
13.089635344128764
12.930267231829179
12.36557553500405
12.066272179381162
8.96246923621002
10.363852952555666
16.816236474415057
14.567641391324875
9.77248791837037
10.83423935816643
5.408097304558813
9.29304524180956
17.018608451874698
12.552596933732291
18.642882991083717
9.356967692464568
8.786683978057953
6.9452737454330915
9.443850121971098
10.791314772682778
6.50681679021941
12.554626942312218
12.4958360090008
12.960911201515897
6.738618482098088
6.959664406750585
9.591314104980112
14.032114889412622
11.122764506992517
13.837184639775476
16.78481893260538
14.90498133174523
12.386993552361153
18.299242817676966
12.529644572146996
12.703790730315637
12.813672337697422
12.889189732193344
16.842324549642385
10.786516920334662
10.223747286123764
11.56977117869964
11.62107222884769
11.235822885379857
12.149239454882693
12.648151990954403
15.650490482957498
13.962790402990393
16.055193027067773
16.013213772481674
15.568639389817701
11.933963635655541
13.08984760381715
13.22422638817483
13.30276815298609
13.350752930793377
12.061828782790661
12.697981858630097
18.750821615505075
16.27798744237951
14.959878139784706
14.257930028105118
13.88542507781089
13.68790018503389
13.663286312260084
16.496042473225913
15.182051785791348
14.487252620230263
14.139073278230867
10.089791696564308
14.220004197157817
11.85698740045306
13.69330770831294
12.128720077049973
9.92065078174085
13.117751331746938
13.493457224573167
9.937538891948268
11.819545663727595
12.835097488653044
8.875340925945334
11.28684904454243
13.394677132012319
10.699281432082756
12.296311907576358
17.483371743915594
15.941897489143361
15.132301335772897
14.713440815737417
12.332026792488135
18.206652122969768
16.352069081132484
15.418892604824293
14.148342171395099
14.272827541961423
16.121814117066467
15.356539833411667
14.963792092114463
12.705164742642635
13.57248436668911
13.149369312843456
13.840633207927269
