15.024510935695602
15.209664264986758
15.286743280450384
15.317444203730076
14.233298193109547
13.451758021512694
14.54617927834314
15.672125284307803
15.460850540930263
16.365691894235137
14.184778618907934
12.418056447245043
12.851132194645642
11.256537401406481
12.676189980323594
14.435843642344482
14.897842439326602
12.856221631191788
14.202322046189618
14.752839249036416
14.971503928260676
12.779265603126122
14.126627051733458
13.516426515803662
12.007587750083093
16.07730878627744
14.032909095054556
12.646174238227612
11.408521598476863
10.625496550579545
13.137959174144896
12.228809670258556
14.455724855918156
16.41957753655325
14.741317469389044
14.620090917524184
14.737814814960329
17.99930059274113
13.787170004739432
14.366042267027321
14.603706072563487
16.94079433260812
16.737026657043796
15.544851885367752
15.037512455812744
14.815642007641172
15.842154976527365
12.596075815379667
16.466423300816697
15.369256798518318
14.901670482600185
14.696652519776698
14.601217671475752
11.690546376124182
13.328777902010147
13.364982065198726
14.00725334950031
16.63795513168589
15.35245419744351
14.807503228429113
13.084134982173461
13.835390435116082
14.140039965889272
14.26268455358486
14.309487681500013
15.907908889125014
14.978158370093993
14.861922464203008
15.132848309771113
14.632177809812823
14.416329762580204
13.551831279748075
13.952220941887424
11.6371858313009
10.866225883258185
14.00854238191147
14.12287618694851
15.223095403581436
14.612255746591984
14.352943351532481
14.240315806353586
14.18881183888114
14.245964022351124
14.182934133600114
14.152709900289569
14.136649058708663
14.1237622684251
16.35751625028646
15.045854536472769
14.498424122230603
17.49209882321385
15.515757537863614
14.381886647477746
14.218434635237177
14.150011036235732
14.12100868613463
15.107387289322197
14.496092937718561
14.240893247454126
15.852344180880287
15.410588303256937
12.542781169423751
13.9621183651825
14.009856566434749
16.85674239445674
16.796184688448083
15.065156835458183
14.451567232452625
14.18943818842621
14.073234721737203
14.017381040328294
13.986188777676002
16.729864843050077
15.099840449967768
14.40330741261077
14.583903424047636
11.776295503176357
16.15752466426105
15.879860097400371
14.690103755972736
14.18672028849984
13.528836703352068
13.760715742414558
14.95808386635993
14.250733160143785
13.242224302697316
13.512395909844773
13.613142798014717
13.643207435747932
13.632109669440965
11.14750511454086
12.919430622430912
13.259594452386922
13.005029689093016
12.698894036610158
13.025472102407223
12.60450127187729
13.120304237447268
13.324162783161878
13.930650614763795
13.639309831512074
13.064996059819476
13.255730060759177
17.29959480892677
19.067680854223646
15.990438378520912
17.531232969088478
15.416418140372528
14.168296401425634
15.409573413127669
14.1426474152783
13.603049538641269
10.356667484644039
12.00269589982437
13.653103397613457
10.875939748747191
12.186802273145755
12.10398827542095
12.677935688911111
16.276430228302797
14.401368250676976
13.605096379490297
15.213442445505294
13.924097709771257
12.227379457028153
12.661679803283633
13.279224757552688
13.084759740012206
12.993878416235088
10.115596126809862
9.882905167314215
14.295810463138245
10.197111376923605
11.761403142170467
12.399997205125635
12.659655722367454
12.761596158066919
14.30523093104577
13.436358799354373
13.069651923042969
10.61132858558895
12.152105554843635
12.524009145552544
12.672570821716546
10.51884043736127
11.832542786369242
11.229496310314932
8.763577491590294
11.099955168842875
11.632234458427622
12.28022924432159
9.540174931307828
8.929777580464835
11.153474896728097
12.078834746200199
12.462585399438424
12.619966656683992
13.834982289159344
13.184487355092699
12.909365719982329
12.788632934631838
12.732233982976288
12.70264293982142
12.688771094169986
9.576824935821813
11.37101873190335
10.256588303548272
11.643787368985766
12.214387612545169
17.051498166980075
14.452368060724199
16.019073868231388
14.00423157281642
13.154894162990603
12.791222638989785
11.302344929840633
11.998963564382192
10.066136790041245
11.463343282073389
16.110442438381842
16.796112830377407
14.235385041875066
14.132589281629983
15.938356457668908
13.843509743471035
17.03411756596944
18.528473991512207
15.241700717797297
18.55366424337344
14.871597133826914
12.617764351860547
12.362056184085091
11.625150696678972
15.386445863441503
15.796603046427926
13.651840696414919
11.419412350858085
14.020012969290173
12.876261059013617
14.160444646948582
12.911390739494275
11.93792866791086
11.962337062282057
12.405138522242533
12.133759536539664
12.541734212096719
8.71491296516932
8.437586508724682
10.435096361330775
9.574664720976763
10.886508532596217
16.383493542713907
16.349730370304098
13.66676793549412
12.987804925987199
8.979849828757565
14.91675765453066
13.039967425923328
12.248615199472653
11.909673016502255
11.759457672561691
11.688133277916059
11.649658273067622
11.62505058533648
12.05024731195971
11.774760242340413
16.347431786652795
13.55010579441782
12.377171140987507
16.134392722974635
13.440756223754732
12.312361765621398
10.687056652275707
11.510994070539446
11.849999368773947
11.631907619567704
11.537723697617063
11.49556710829183
7.934051225929583
11.230268431226621
10.830007922825487
11.191021159680982
11.339532680951066
10.958663063220305
13.102502214018548
15.850957304826828
10.530460544084683
14.689252305269145
12.788103576660854
14.82929522512267
12.841579475910617
16.351358277999736
17.27923478163843
14.208132193148892
12.565002398213943
10.4600927473859
13.123344622636676
12.103767209451904
9.548904731506436
10.602416127253534
13.516011515806078
12.241858699355994
11.703720628461245
14.927696884229176
12.808255604361099
11.91760230431247
8.165817803707068
9.962266279257136
10.70640434444845
11.00728256780127
11.123086294933989
11.161224007377795
11.171932343467528
11.17121085919172
11.13878228178679
11.119823335376555
11.106477184201811
11.089815612036896
7.353264220874072
6.847847343900609
9.281837572987785
11.968759609548178
15.734134143085308
10.471950035036512
10.746303619273316
10.849205664307991
14.60181516279604
17.482281684950017
17.43081614174061
13.260865283535134
13.02448763004647
11.727493036846765
11.948850694338894
11.255363855378619
10.954501977660271
5.538558726987242
8.548692311534385
9.791042152759179
10.29676872083435
10.994312733979363
10.762531314171202
9.64569151771287
8.624212020497971
3.647449855612644
4.863372344367603
13.88709679816484
11.91559868362449
11.088372679404326
17.822947061902422
20.755846814036758
10.962689331788885
10.63692088706123
10.490638407921216
10.419148979770771
12.793893524833063
16.93777403971022
14.80368722455054
12.117254316190387
6.9998434572579455
5.409331447281908
8.233159993634372
9.405986779560244
9.887512086895955
10.081418548440745
7.628348905794229
15.403788442648025
12.361799649259034
10.624390703200682
6.181005764531756
8.503036340493583
4.325545900319662
6.98334621162289
4.924369911192447
5.715017379358019
12.370415955719608
11.066943236145562
10.522457861421456
10.294945848394722
10.199516635187281
10.52683696131885
15.615130079341089
13.195255033275478
5.169880429454853
7.600968638124681
9.075358776638156
3.583980968647859
1.1564833193341233
10.595680128460227
10.312158435584577
10.27585608868965
12.182196339415029
6.368946359958542
8.532336969782726
3.8744152489991137
7.481472666398732
8.977623444227152
9.594159425346255
9.843331509000185
9.939267505360379
9.97104786656647
9.97578584710785
12.11870812299847
7.2252300102990095
8.805013863677198
9.45418971964149
11.726954285163458
14.452047288503579
9.662254866810947
15.083807138526446
12.01885165729317
13.292962748131629
13.812986140980811
12.092664580818171
13.427695726484671
11.272505097105363
6.046534283574859
12.52264187983312
10.858424448893263
9.550793556226488
8.305435157545752
12.175923499562789
10.663782535690215
11.482622648017848
10.349396169559839
6.241552437307931
8.150218212757016
8.92201188019545
14.668662870840748
11.59966182797454
10.31450873159499
13.022608238088086
16.614696180066566
12.37339224595214
10.593725935825457
11.851911898166517
5.073461049485395
2.2370104105323714
6.32788040849244
4.8113033033904795
2.6430077240465337
6.456558835204992
4.819053026512801
7.341040155725885
8.381104412717377
8.803794229765332
8.969321303898816
9.027688663059838
3.0753162017323517
6.551731383860271
3.6747965142040293
9.482736361078159
9.19489696789567
9.067080162118526
10.330347331768348
9.525522295435872
9.183421223396529
9.034137227278134
11.115083193830628
13.351501015514831
6.023922585795949
7.693669860163573
8.384744663430562
9.029765235767826
8.332111841689116
11.339713130307995
10.939461739291346
5.26788775394158
7.57934089637399
13.767744787387144
10.893902622441825
9.69552282059951
9.195909620239018
6.724491851334525
7.9469573797310975
12.669070385551247
10.423190389182807
6.82116064540527
7.983963491498377
8.466712608658574
5.174921570990951
6.414354101221038
8.71568516795903
8.759821345768529
8.774103476741747
2.5339550096780457
6.170404524204843
7.68024931077216
8.303937907959961
8.557484487513717
8.656792889080567
8.691055967509074
3.8321077934285723
6.665764264881287
7.838497745240433
9.642566777754446
9.061327685108678
10.821846573933637
9.534239708366549
3.297069067694814
6.37070126670323
1.5377724794059748
5.6178393914800715
12.345853124284515
10.10033955682016
9.15903890670296
8.761203779244324
2.8925813443735837
6.126804900851273
7.462927805401126
11.120331516565724
3.96637142032119
6.5273443972906415
7.582611157474611
8.010274296118071
8.176104263273201
8.043630694123141
13.34072449628966
10.359422322196702
7.7088779559696645
5.953236294742334
7.242837139873531
4.456851893596027
6.594005244307466
7.472087149358522
4.72782309648713
6.669909828346588
4.7947259523840735
6.6735707716384445
7.45046845142134
7.968502033092081
8.47981437939454
8.161583678756905
8.017380202339604
13.67840783922373
14.217224424685728
10.506472764265745
4.574391144949922
5.495844655183147
2.4643744309560036
1.350099297959214
4.940659904896806
6.436453608815699
6.514932424561032
7.090917921944183
7.329385902838542
7.426994385978022
12.666378179782487
15.37916418074458
10.774155833581467
7.881846078320313
12.84321256050552
9.705259145832652
8.392610983050066
12.934608341484056
9.727532287308007
9.968917774073855
12.191448778211468
7.897925337724663
10.03885920161691
12.412976896352966
9.470745457118282
8.23654496137999
10.893127228914162
8.812366560571332
7.936749701099675
7.563131058451435
7.398689977280714
2.7338665623165515
7.0580810145926725
7.999505113394499
12.424846481501072
9.376943319327099
3.6155320225560352
5.6850360414659
10.46059946136444
8.515585989498563
7.5753353956161975
7.291314653672471
7.161387819464119
10.06196696486111
6.458709814814107
8.34947452010405
6.890893451502533
12.122448143989352
12.375427559329438
11.198072524288204
8.692420709873694
7.636235963005969
8.341728629806582
7.465502092612004
10.692869508155558
4.577549041824177
11.80478190100766
8.858225179910292
7.61766137725382
7.714156146240292
7.1161346835139305
5.778281028010015
6.272470716263075
6.466979791574825
5.146691445519127
6.718583712791599
5.5531515660228195
6.132172947311711
8.370897029033618
5.770127045036654
6.177407964659174
3.9886686653161907
2.964862505196014
4.98743172368318
1.9779408598417372
4.556959444617652
8.806248227559296
5.891009726421903
6.159893361733207
6.263051393427828
6.297520264733377
3.7379982535632017
5.229759906169788
5.844741916219352
9.806107750952295
10.06814727917291
6.873918685129866
5.161280861852297
11.017072812085555
7.415664115359852
10.675996361472677
0.04432185287089929
1.5980581922319121
2.4347757264299483
2.896670658372021
0
7.272237185959413
0
6.351029017844907
0.06912913835263623
1.7290704239799668
0
1.724728617018001
2.6613589490198057
3.1777248941759684
2.602700403416417
8.664464010517161
6.430721754990957
8.19944953356932
6.2157500300915896
5.173827975035872
4.641880570541142
4.372210466258753
10.99741541190184
7.7904713631108224
6.092186346402935
5.198478364575605
4.733640097668543
4.493892398446935
4.369126236468285
4.716875494432607
0
2.003015683390001
3.081422510843905
0
6.245645482811154
5.372587773543032
0.39569696409590804
4.100296457629965
4.25239104954235
0
2.0779471762220005
0
2.088054086403001
3.206642384356641
3.8079350924067037
5.330492449046602
4.9498101739672675
4.750340530359934
1.081745078901914
2.6921586846840615
0
2.1161469698070006
3.3339012021436414
3.909725220463847
0
2.157545090987001
3.5678096849735406
4.090612007840882
4.382014327322896
6.227286905156635
7.225109040600717
0
2.263293072942001
1.818136813147718
3.244512494520623
5.37334123027984
0
2.310502804116
3.5567244793272987
8.767873938196702
7.030906728486761
6.1187651136165355
5.647091770270784
5.41115787426149
7.768685942825324
6.574742524736593
5.953405316844446
3.182469254775806
4.17479029999337
4.720043809721462
9.400018480597778
7.542513429681974
6.566270734513302
5.987134357697673
5.766164461702479
12.259659159664361
9.151075494562903
7.508467178851766
14.496796125881062
10.391718465815135
8.216171026403956
1.2873487582093803
3.396106183937526
1.831098842814595
3.714903844167868
4.727023688808975
5.28042483866947
4.028835660542549
10.862424785481949
8.59260819690417
2.1855557250352877
0
10.68103117799776
8.542213463795605
7.003280922502843
6.6030914747645175
6.4027697545783475
6.299856501282006
6.248920405918079
6.229405962952887
15.995801629620733
11.451726594968623
9.032972808991257
0
0
0
2.9402987796759996
13.319128959153531
10.049698918031325
5.598016786171045
9.560082525306337
8.05056346043246
7.258515582720761
6.869081620692798
6.694482444902677
2.753509582695612
0
3.0743567054209997
4.728339741895646
5.6175365811525175
1.0824662482565381
0.9801538022212202
0
9.276684072678776
8.120252672041396
7.5175999165582885
11.795168090222628
9.507797492215794
0.21376728201159878
1.0300918893225832
0
11.116335407185758
12.639461917978455
4.827300250119526
5.882829050349779
6.462136752133642
6.787418121027512
6.97760751344828
7.095918774638003
11.760842104565963
5.6266150682766085
0
0
11.116114950684427
9.416325674613208
8.534924736457608
8.08114832864478
0
5.071158706093822
6.272296170542664
0
3.5884456492850005
5.517291028431476
0
3.6283326079190004
11.697663497710355
19.664219365381317
14.15938829454547
11.233539212139462
9.683152512487617
8.866116430414392
5.5357860375143195
6.671757024950641
7.286438552037662
7.622328291922297
7.808648635280738
11.7315147271296
10.020575413500353
9.110438775399789
3.2273988818672183
0.8613234761755644
0
3.9475397358065023
0.6805023780335722
4.147834833039715
6.000084375224992
6.989916346865055
7.518955431754193
7.802179901945038
13.404911388905322
11.05531822696588
9.815574794606993
18.36136303618537
8.150450968016074
16.349586516520468
22.46724127538539
16.337310934483476
9.048663502459258
17.079347093818683
13.146590950634648
16.60823655451943
12.926079717097569
10.977078449122263
16.64997356042441
12.996677329947465
20.257468325277046
16.276220939456323
12.849050544443894
2.949730504520515
5.773646169453147
7.2983307056132
8.129286984099203
8.581391966900334
2.544280757617317
12.06436101972472
5.175670636507175
7.098270797963229
8.12417024411618
8.702783768252393
10.910023791318082
7.019186219296605
8.142541675865669
11.069959040944385
11.376366726209808
10.507914466621553
4.898053401391188
7.0760079441343375
8.307936330535291
9.963543863476517
9.812565409963069
4.724218819449173
7.941102871391009
6.565007969041195
8.037517793050382
8.831319736455683
9.262367984168751
9.499821305181445
9.633694805868819
9.712008778508602
9.760086854198189
4.63239312398308
3.8752701069546487
6.665426337727001
8.157538004823127
14.089248184517158
12.121750823953356
11.07443113566951
15.087579697924975
12.660517509356765
11.36687861809377
10.682358163832836
10.3180518222292
10.125233677612501
10.02344378521503
5.375187618553481
7.492837461462138
3.185103660540216
6.33150199041326
5.822978389050513
6.4113773230780735
8.23253335504446
9.12853186081598
14.548910809059036
12.6039893185219
11.580938149358285
6.595762852833277
8.404374030553836
12.685356574555668
12.446694888967881
18.115611333998334
21.014964555044628
16.174419714790815
9.998931701989797
10.327393748282756
10.518224521670678
10.635630814798475
4.708767147657671
9.740032499633646
10.267237608099514
16.98258664175502
12.40325562175629
11.742407717645158
11.397460441002456
15.23460900208782
13.29101993569706
12.26876604944495
11.737845371863825
11.468891828075536
6.180467243672032
3.5132452386772757
1.257456066988353
4.719973289813612
10.669525991124825
10.978947338191206
12.906929471704478
12.19823210475151
14.992423115234592
14.80345618116792
13.444934762820363
14.84530180442141
13.288732321166265
12.46692149156532
10.40234174325002
10.013232491658744
9.671679074748686
6.958288988961314
13.69471810459148
12.724733775981013
19.1792074591934
15.660757391870598
11.587464636435103
11.614122845733771
11.63556346625354
12.693849883260773
15.657393633300043
12.171381945495668
11.953954165565488
11.838164660991744
16.48828088583187
14.259606735674886
9.886407019021394
6.143967975375556
8.743031497848396
8.215262734858761
9.851665269223634
6.934743893006241
16.671976952309926
14.484155389683576
13.323242924512156
12.716502900859687
12.040182282893078
12.056645892080745
15.801749603914288
14.088547801873665
13.187124082032788
6.855307635556854
9.354178624291137
10.70119954377375
11.433883406355672
11.838972237039387
12.069351933283215
16.212895775848835
13.644737058649426
13.077518767078335
12.790269495212
15.389678725699449
14.055881362525225
13.377855472581459
13.033552449319465
12.867506326889867
12.787861631735433
12.754320739004026
12.754307495639548
12.771837634659263
14.24670363892291
13.602810100035263
16.747011292508
14.971134829683267
14.040411717916992
13.560247966606507
16.805853721076417
16.522637089274102
15.101571928843889
13.505641109124664
15.86063702380373
12.765254739321444
11.870203303593652
12.509928723557572
18.35448272119696
15.992493606818696
14.744571215386456
14.082294773008213
13.737766784637182
17.565117848495124
19.934388423459847
17.79915486288436
16.66586912706528
15.150323827312034
14.3460028143867
11.007974335833435
16.57500926619828
15.118368984974403
12.597162502800824
8.273376899263173
13.20586501773164
13.406072346987603
13.526897462005586
13.59771600780418
14.238353398386373
17.476840089966153
15.74510829813794
14.470051348063095
16.567646439824568
15.291071123851388
14.620177576352102
19.659429165978413
16.97273003159908
15.550473858814268
14.802999899284293
14.415755657242098
9.707467113200451
13.699722628733028
9.241723793631303
11.494001349782664
11.068895728532219
12.493538096161792
18.97242653199199
16.736457124060927
17.643042899628888
16.117438365867496
15.252327323641895
17.42308389680583
12.208301592216618
15.933226612563015
15.210103342481624
13.732728859715923
14.066194816136417
14.259661374435392
13.69763250137429
19.05506375378642
12.873611649150337
12.776450830764766
13.64164390589008
