14.8411629356956
15.133263153386757
18.28152301891793
16.565368920749503
15.847995169004319
15.546376523711302
17.13727278575865
14.2659687510162
17.051093627499675
18.925453839385394
16.756034041192255
16.43328631598524
15.74980023767465
15.456206772226228
15.32462643783867
15.27777709336663
15.231265266176676
15.201943257956621
15.179784248062525
15.160147748556856
15.141229380010843
13.111660219694802
14.265135888457625
15.863755830279977
15.388756725860066
15.78538676312521
18.359655542021546
16.39424379667078
15.569631549533113
15.106966285840713
13.191108309248396
14.40973458665735
17.71954645600099
18.36836954416263
15.226291572929394
14.168004574408489
15.613521361272408
14.962497239872382
15.530939287079438
14.848411748344876
17.700490506687586
18.885399458368596
17.416508602535995
15.82799201205435
15.155496946603048
14.86480614495349
18.021419344346576
16.038047138296818
17.96611025628237
17.51618981479193
16.86038839596979
17.492786272651546
15.7663666062987
15.03702332414227
15.656510761325483
14.858288389324194
14.629514094763394
14.215133470787084
14.342864411346978
14.386807164562686
11.731315838650595
13.271670698010103
13.006703720742724
12.564901583507327
11.329819677846201
13.078850264865313
13.799289641364977
14.091607001926388
14.615605341022158
14.416642664735136
14.326516267626332
14.282005216683093
13.161797675095471
13.776270811669484
14.029784434600275
14.131871294355136
14.174267344763786
14.180419173554672
14.177772561539832
14.171894208321248
15.359798564278048
14.655300304108263
14.357521418414315
14.229420100539645
14.17208060271327
13.900461651775093
16.13611398474181
14.954457191277514
14.46119982658374
14.254798504619846
13.596364726401882
15.349001096447033
16.536594415346716
15.116301362108178
17.68160319340634
17.63797664160745
13.6945376072995
13.907358475219702
16.36800862654116
15.020447181796502
11.53139154260954
10.926319879261982
14.466054039281818
14.368092414434983
14.17565570626546
14.091544898341617
14.051557603142154
15.943718925514176
14.811217798924957
17.031858841072818
13.239707891657325
13.662132376624808
13.829884479885159
13.891418632636947
11.562138696100419
12.924655041244245
14.617431983191363
14.183975143399842
12.767869329844148
13.393337203132056
13.646357665931127
13.744179292779503
15.812974155611847
14.618334011238659
13.079890154408073
13.456515737283446
14.862034591743493
14.175537236761915
13.877557198373891
13.7297632155272
11.449867368019378
12.700926605234075
13.21655049143624
13.427604964816682
11.89371857591277
12.868797161362053
13.24139653901997
14.580624431166205
15.439683535943843
14.015072116391874
13.674488271240495
12.193970475591904
12.892773699811547
17.679761557357335
16.214769242082486
10.99318701747335
12.347641006768345
13.876394477717412
13.526568541197246
10.713743213458477
12.185894971076149
9.24627481484581
9.161178565282153
11.504535667126273
12.46992536462632
12.86148411462299
17.00110037064022
14.728743620737381
13.771671241304468
18.414990269103676
11.75111023938228
9.402180105918577
14.967750782414047
13.821717993761133
16.2588662536538
14.341600351437538
13.535063649984023
13.191367806488344
13.038301997535694
11.728339425250153
12.41353084395214
10.21335243023132
12.21582576287339
16.943796963054723
12.346631390085289
12.815896855205818
12.826701838120666
12.825355139864882
9.9868461289228
11.633581773227329
12.314355918369829
12.594709932441509
9.255614853407394
15.03184734839496
13.714820286230982
17.59407156965847
14.780373346439486
13.874534156799253
13.22969081123545
12.253989968593885
14.754867645517082
18.01110604961019
15.91378389370481
14.063710327455194
13.29152985018418
11.020751461084455
12.019154454571893
14.913150504632839
17.797818698727003
14.831740890874743
16.4252186564956
14.247599253276917
13.334095647955692
11.181870337477925
9.923152274576879
11.515333333962587
16.16224150263823
14.104673057046552
13.2398386787601
11.721854765866205
16.041290527701587
14.02412454003365
11.40290908758481
12.070923083394591
10.303799457931792
16.377058326724363
14.113596636863644
13.160173711547081
17.09382400352385
14.38117355076999
11.292830508572562
11.942167298378987
12.201410783893325
17.17070858980557
14.357030876932383
14.67961694610181
13.294726490960626
12.705182578339294
12.446954046352385
13.03682032673136
9.373296424169098
10.391449070525578
10.53829338044
15.99637374783961
17.999265763993908
14.569690250824664
13.129065140321039
16.858067942809157
14.058878566478977
17.753136902527814
13.16984916625997
12.48712873442213
12.989646506006663
12.921786811448818
12.349046878651924
13.605697331623542
16.952289469625313
13.99440217432807
12.750621449187708
12.221002681252118
16.50756998491442
13.76461520559224
12.600048667085087
12.725596457759638
12.151434771230841
11.288387705457804
14.4616302836518
11.257425638318974
11.505830036577919
7.970190014821355
14.01622842198904
12.628529649202434
14.079937433079381
10.867720811141766
11.290483995068374
11.458166868191793
11.52003801536112
13.311241469998587
16.08742124922355
10.417841534564875
13.982769775703517
12.538218812718457
11.931219275928981
13.623668627928094
12.374735300859637
15.040370846645667
12.95803032434045
16.96001507994389
13.75248267601342
16.31186213666377
13.477576903965394
12.294263154121982
11.79925362003463
13.098734546673715
12.132990897089337
11.725745510847128
14.12559142990777
12.554695361182569
8.534374605776037
10.753986818792717
11.143398462992927
11.302530713657953
13.226882567439917
9.951032149311398
14.86655901418712
12.834904713408573
11.985944332775354
11.629812508666692
11.47705046383901
11.141510901850992
14.803473636455726
12.778344165030703
13.965690114104621
10.998995148553545
14.183834467270437
10.455073584296457
10.920641178360334
11.110201179475153
10.034700825241366
10.727383711347677
11.006452441449778
11.112622680630924
8.67310551839057
10.12994972118215
10.704888765578202
10.939019907172437
11.032478175622352
11.058980225161836
12.920227087556384
11.38181187060314
8.958271271061914
11.391087311504464
11.152222560231511
11.041242130682871
10.983527635529153
10.9480569118818
15.70582780573493
12.892580664953746
11.708502854486627
11.202982673100179
9.278233389252884
10.166428894708078
11.160796477879924
10.926981663380165
17.093881626520087
15.800130378734703
18.55067057336401
13.219584792810469
12.36174862158839
17.494700184244476
18.09675381180491
13.716261310989507
14.859858471539024
17.112988017713924
13.277125624614992
10.652727156984799
10.567836854144765
10.526760325060124
11.811454079796512
11.011729661119208
10.667890761276375
10.514078322728666
10.439449911363836
10.39781873325531
5.219271847472275
15.157017071051762
12.32486930562767
11.135818648879452
8.379143464276595
9.835731836240367
8.650565391911357
9.579919609022264
9.959989896932779
7.171397735353525
8.943289184221015
9.675507548402898
9.974825000627089
10.093902491909308
10.138202739284209
10.152000319872931
8.038962535982156
7.017580250975891
8.841769070928855
9.599825983600855
14.814568431686268
12.08542157288087
10.946857784339059
5.193071576438694
9.39766575085676
9.831517092033213
9.272803598899527
9.778542617801033
9.523605479977334
16.980899230315195
17.33436932465262
13.129585114419948
11.87451719993648
12.723385443201003
11.198773240237058
13.671601823243456
11.585309520061148
14.648868504980026
14.957386113564073
14.392584167710154
17.59037500937208
9.69954558029547
10.256172985231036
10.119192559404173
5.463291027376817
8.10590846819072
4.882772058977327
7.8469964221122535
3.9320610718121625
6.418351088497058
8.459667341223925
9.30064274313441
9.64084495241051
9.77229643931186
9.816356472530453
10.872887512706644
10.25331026842086
15.02242114442134
6.406490667411825
8.358579047676908
9.160204177046168
9.482148691013538
5.563176309196352
10.382985577840703
9.954401091882222
6.822912956496158
2.066600096730732
5.987063348936538
8.072174849674257
8.928262571990064
9.277382325879062
5.236997114927039
7.708072648729699
4.121022837715165
7.2044602261711095
8.483028224123501
9.009507147814263
8.752291476409447
13.997756829906006
17.409256377794826
15.104619798624487
11.707586151442024
10.280172060353493
5.913890820864667
7.8541337356151075
8.639441731271216
8.955272886015518
9.075607064874667
9.114746223511276
9.12020773116355
9.111778582561852
9.097658383709126
9.081166724216793
7.637040527999134
15.4166123610301
11.684602618218044
11.032158315033683
5.799848472141148
10.902286616748068
9.77097773661892
13.505267666956005
10.841781119708969
9.725175796071529
9.752333504289496
3.5672043950879075
2.634600126212943
0.31482352927065005
3.4702273882561405
12.896913789683106
10.545275557328951
16.113584526648904
11.8797514022126
10.11307544573799
3.545743916635316
6.636081148243138
3.881445760042727
12.499413400584263
7.1489509315295425
3.2579071855835027
8.239208039595539
8.578016553697863
8.7184482574495
8.775899338782008
11.498191114119802
4.652369539169129
7.9873660436876
8.463140203076623
8.65799057709803
8.73578000975675
13.527155287563652
10.756184938091774
9.596607735374842
9.107948188866699
7.059108021370614
14.452539170467286
15.050979280426663
11.355513436782992
10.994973911785253
5.4722791640029484
3.850715033455752
8.118416510183549
8.426214268611885
10.419636024849645
7.389327775042131
5.0169012452443145
8.961690613600776
5.643731085713302
9.203127621241006
8.801655317228327
8.623472330619844
8.629699362470845
13.166139038271037
7.891970000694912
12.560443624189048
15.319571262243322
7.103579058253626
7.846429967637887
8.14416479395751
8.256340216765695
8.291017195124667
8.29308982928925
7.40458463733314
5.921377006076802
7.267780223025004
7.816150835320521
9.0832999097317
8.5471346482396
7.5537565325022635
7.884485407339694
8.009830233294052
5.590251606355589
7.029283788408775
7.616739157202737
11.879926749747133
9.619956987499231
8.672210631170131
10.368927169194972
8.948776978266746
8.345403650245354
8.08240288952524
11.778977334347612
9.371596993231197
12.18726732386513
10.370399403717178
8.87013271511095
8.074734612011135
7.742815440262241
6.5277271617230355
7.0973916337431895
11.151268094473632
9.75361023363094
5.445731105562201
7.3723290032855475
7.440441568457488
7.466090121041436
7.473367926785568
3.629694351866902
5.865986108292939
10.397641672773004
8.675763276243313
7.9528715486221895
12.633955133823605
9.590722253754699
8.316154564857985
7.778589661883924
7.547091331284232
9.877676600833581
10.521483344249333
4.929792246136807
7.9108559095374185
7.561090212813843
7.406593749682729
3.065321388074733
5.515466847232743
6.527370989229086
6.93969000412736
5.706103685342969
2.6282791869222173
2.6120247511617385
4.616057213991471
2.8869035214393257
8.32613168900498
4.198243126839147
5.8840803052730735
7.8392288193792385
7.3779185118525294
6.723360585829234
6.876343460096643
6.927857086281872
6.937117709154857
6.92902008606443
6.919576182694249
6.909571284331495
3.6891013927280136
5.539113929277364
6.297652546901479
6.601370837992247
9.043347558294858
7.720204166782668
7.156181638058738
8.172655386257425
7.319537563691471
11.51407933482036
8.687289222888847
7.497120811760984
11.752457356620834
10.966472092031438
14.25049404253347
10.925926984200093
8.371008464066179
4.835363021317535
5.798821993895818
9.581437258717017
7.760214264414582
6.995943976403557
6.667183372735362
6.520465553448826
9.522726109915691
6.087850946045059
6.260205549089377
3.215907874182977
5.036292640765647
4.284377922624589
5.464992087468467
1.3620832607197881
4.233081058060336
5.423281079092943
9.199349855197905
7.481883629440168
7.953362351610666
8.219316239145844
6.3260471840183525
4.927298284402193
4.19597059341101
4.851845603700248
4.170996689189452
3.823118164100492
5.961882317308164
5.371884250179017
9.360441462900681
1.6589351525093976
2.5613760498950153
3.05893337597898
3.3406594142373836
3.507304480455069
0
1.8432889011896263
2.757782716653785
3.983203426333091
3.9328011072703375
4.325752405797582
1.3760028810066984
2.5913388962841744
10.336747883236907
0
1.9091212557570003
2.9409576013919363
0
3.462556624303886
0.875809478469411
2.4353539800422777
4.467958196807944
4.366346252490719
6.631604598595189
6.738907957600778
2.3593510160041307
3.2810545090528045
3.7819401876405765
4.057954628040012
4.213755665088151
6.296412997363677
2.1750952227856137
8.240808314947813
6.475242493078153
6.100520186800884
6.540559718480337
7.8913703682232486
0
1.7105741148958744
7.232697732065594
12.247370732057618
8.648904840654945
6.729995133555478
5.706862242731203
1.5945842164012243
2.969930174715693
3.80117542243892
6.004425831424795
5.361506714635271
5.03297804825738
3.0524859860887528
3.8280702821159593
9.107710700319235
4.1568910880562004
2.6389020811194035
0
2.2715830729420006
0
2.286000885919
3.517457154368379
2.526278498170832
1.8519225292745713
3.3261148026789114
4.127184053774467
0
6.278993853077653
5.675205550973611
2.0339663584016234
0
2.445122705645
3.7655911813771725
4.485944160027859
11.164956910132283
8.465747712891584
5.541647521402066
7.013477580024029
6.298899205135822
7.447391078464362
6.560279447903583
2.4378292932682264
3.9262790058409265
4.736368530561719
3.4316686427369216
5.054608617253585
10.929351077098294
11.397604632400792
8.812669837572063
0.3119041878813613
0
2.7580849983210003
4.242783627060086
5.047786963098261
9.690563536202696
16.596659702044843
11.676592151275127
14.415437762369857
7.246869935894092
4.19989693424295
1.0511142857532505
3.4402347265219353
5.463385139643602
8.275070992675307
7.094811480937383
2.0562955473924047
0
10.963320637005088
4.145535145600131
5.14423321852923
5.681116625083197
1.9156511179446047
3.963319216211241
5.057438839197319
7.734575630313505
7.075555701883286
6.724819947453922
4.031144574426275
5.146956450666861
5.775556454176837
6.127245014031761
0
2.858608270311839
4.6132163769213985
0
3.1011259858710005
14.538425575953838
10.885640693181967
8.964444336354898
10.618150406954785
1.5300950559306497
4.0155551094925945
5.356596005698249
10.479801106547379
8.835984654975682
7.974400378930024
2.890360511641278
3.2576357386193058
5.029352211019262
5.990643976685878
8.6081241963774
7.932517021275981
4.108592252410069
4.96522949046219
4.479357410103145
5.797306328187038
6.517871218067604
6.919838731413874
7.151586064454444
7.300853060920891
7.382377267570559
0.14576590726922767
12.045900626364611
9.986445339436155
2.9188300963350304
13.940444495609789
11.027066832142383
13.87920252581497
2.3573369134981252
4.8862075849616
6.24804797525451
6.987161007514807
11.595556036110363
9.86547831903849
17.954230123459684
14.407935078738246
10.989123455808237
9.581657871352276
8.839161643677574
8.450861333621354
8.250753866331355
8.15081030287241
8.109911532716717
8.09090852861364
6.331703447060427
11.9266208836909
10.139662197692463
9.1897776138277
13.654669612827247
21.032011137498024
15.009480851283945
11.797330306490112
17.357112048145886
8.995728779575856
15.577926293115778
12.21483897985258
11.754683856344828
17.091865796868703
13.06527595709914
10.9311479916061
9.806818963407014
3.24514354349688
5.734740169727935
8.206402946604985
17.98911431587716
9.975383683572925
6.866835155391374
11.9445116323183
10.469326838107044
13.131261708688054
19.753231091108027
14.686771163306243
19.081823518537647
21.828927547451784
8.527202619583848
8.767628427402942
8.91330424844621
5.711720697833434
9.191131429232527
10.112048414464407
9.715968525256208
9.520973751399712
9.416924540069886
9.392597460573292
9.387062258286909
9.391554401679894
9.4664594160276
9.462349879869327
9.473511454550273
9.492550893664026
9.515301745805123
9.539771660713614
9.564578571659784
5.135016039706356
6.307072095973845
9.198770806682434
9.424690637792747
9.55465791233421
9.632795002791534
9.682559655573563
9.716589605010054
9.742193962062364
9.763024855580477
9.781019293034742
9.79691086474934
9.811088762957247
9.823642556319987
9.051488858806833
10.616777838705165
10.267409906172077
10.082417918628419
9.986243097388124
15.352933656641747
11.732117665178615
12.762530580493914
12.754116772927343
11.42354221604203
10.715123351751027
10.338208915335347
8.363183278464753
13.234307654027655
11.689802200885156
13.606666346738647
14.217065267952254
12.383460346181323
11.419236856172354
10.911936620299567
10.648450633662849
8.04269255914154
5.115998646200481
4.697091476511761
7.3912429841486755
8.843685235700733
9.63374773789291
17.3196319808045
9.451083875588068
10.34395876092291
10.495823741386465
10.592535340504817
12.127744646562114
5.771417009200656
11.560346565695564
11.222985459197153
7.59151715226597
9.151716908902122
7.23769058703831
6.7880547039785935
6.978815709740791
7.51874989917636
9.173837518383506
4.207781918002598
12.288589194382817
14.640827796292953
13.032058623256919
12.187298896443892
11.74998669233646
10.459789480823316
10.85423284612632
11.077506916020004
8.165457985419504
9.668182919669848
10.48232610690583
18.03694239048184
13.337298962898876
12.47381567435784
6.5822572765723635
8.888346407770014
11.312851065015916
11.428071132978493
12.118659165644349
17.852123319492083
11.047557143925486
11.312208687369639
6.440326879374319
5.6782702580704125
3.0177669673883916
1.8822858225863728
6.442655230702089
8.877879025460635
10.179125121760794
16.86227773123182
18.322088166623253
18.537265576449308
16.819878599869096
22.108669217420854
23.380788814661976
17.93960905117763
15.037185575896384
13.48982716339831
19.35128184456036
23.424889092846158
18.08100018805671
15.236010188278058
13.724432645042173
6.9255202928467074
9.315097433187002
10.602540616277585
11.30176886828072
17.385454132339945
20.080441953674132
13.353619038343748
12.821677588818224
12.551456991245404
17.273265735383177
16.422907219090206
8.792285895465646
10.458179478956469
9.305003798712075
10.761837099575764
9.074610547643672
8.61294023426257
7.254793247085784
9.748794854182975
6.925052301665637
7.436883209697433
9.89008113640155
10.846541720243554
7.968479679923988
8.153439773315798
7.205092660461585
9.8454064819283
11.335747137031461
12.083684276320987
12.499668102642879
12.738107173496239
12.896579957361594
11.24322962315463
11.432901708708874
12.228903924691055
15.179370062189957
13.572650983398123
9.107610953631724
11.035809445617888
13.62934259200014
13.471158833879274
16.763319117530457
15.159498653592252
17.889589511354714
19.03539935878464
16.396772804625485
14.995638920804158
18.150437407119114
14.19715122125124
13.83738991179266
9.672105495742173
7.665747589569049
7.448128419233737
10.249660377219122
11.746612392098124
12.546629735937557
15.247516242812965
11.486786090199981
12.50911257980871
13.060972259917927
12.69714483293777
13.194662908987594
13.470657034862779
13.628263193056778
8.890306296804042
11.204729464639637
12.450315225576709
13.125946833000732
14.626569190965794
14.310004368520348
14.152693242026457
14.080065036433316
14.052623637432816
14.04944709939215
14.86879945408013
17.659816475687215
19.693927442408295
12.595613532585133
13.333789707577427
13.740615023529315
13.970836999524241
10.33906390325616
11.075711052253219
12.589180373668317
10.068967457323271
9.69691261978793
11.897544733223839
10.91581312783589
12.57861770555823
10.991023507707396
12.649975564880666
13.543035421435324
18.030231133884612
16.44506107563483
