17.875581563997535
16.397705395800173
16.550472697940435
15.774586327143727
14.670761720197968
14.627172305110147
13.529732022947371
14.57698581873257
12.899601678872411
11.895510896689773
12.667752022306312
16.454275641610497
15.758546489662695
13.055616158986085
11.740466595043394
13.15859724638489
14.348203023939384
14.405320181132794
14.119849441775578
14.718472914777085
16.025187084745824
15.720414219292445
15.352203680089964
15.18722854835869
12.642746445101722
13.965501965233035
16.54068986211235
12.513651390150867
13.952588693736267
13.279791052433406
13.575887908831126
14.35640888799433
14.670709555696838
14.790895683401674
15.838382383495908
15.256079540659947
14.274849304046544
14.583514267053797
13.853716846003294
13.48619180779297
12.012435767571516
13.011156379021756
12.469347022986957
14.834513389827276
13.77406769079384
11.82506321167605
13.46647236155421
14.140000730567241
14.41024825733457
14.512448657899316
11.661473866455225
13.346462589829093
14.038593527666585
11.852958919894522
13.39645520899925
14.02994740889119
11.760376859897033
14.337378090890724
14.26448363375153
14.354145894538664
14.382412758690663
12.870140397219972
15.105154812759885
14.664847910275846
14.766812343007786
16.41717531954371
15.190369691649465
14.671270058879934
14.44723506342727
14.935556890526897
14.542747825513759
14.372108906854784
11.291133593277404
12.996765088775895
13.704964399870516
13.996518785883245
13.509616356185454
13.90345910661408
12.01732524083122
13.27163580978197
15.037337119491706
15.46920185616044
14.696674195154458
14.370745062607263
14.230970714406848
15.656327249489621
12.532375551894512
13.452779386310045
13.835450685253797
13.994048837427659
14.059057044746908
14.085209028776436
14.095453767580743
14.099078054184096
14.100275148910914
15.108421163919207
14.520168648532735
14.25139893010159
14.138929254480134
14.091589807458673
13.582196340384701
13.856839562899106
14.677742106245976
11.48475850132506
10.569935288228992
12.589041200145822
13.425464312103966
16.213233242520126
14.923524414821337
16.58458959307253
13.497754041904713
11.066094101298422
12.748115330556654
13.44064542811176
13.711920847003372
11.595832644896491
13.164080264775228
13.578363482335838
14.210374455992934
13.984841350281986
13.892837444048505
13.846887416321014
13.62123283038095
13.705035401014943
14.85645765854372
11.1340481944932
12.633918925556117
12.63883184036354
10.41391358168385
12.286462920452461
11.728584640321861
12.81706809260252
13.26494664922267
13.447771643766288
14.887483356654535
14.116298945497146
13.761230532469062
13.413127023605043
14.023433773411034
13.689284392409977
13.538732526657238
13.464585936964472
13.422239162565496
11.932995634424488
12.755928773968286
16.669479878491085
16.830202231320254
11.374360366417154
15.979114091113003
14.968682219599602
17.048808520580096
14.814046871220526
13.871275389388796
12.42343395519019
10.755348206752185
13.859007103853022
15.466043889694248
14.089085585127194
10.110803028316505
11.839763396442688
12.552609181840868
12.83471847550629
14.897723334810637
10.884530084935157
12.110839619886882
13.028264309024223
12.987796521110395
12.963321593886704
9.305794812125612
11.411620117223944
15.53353945332241
13.99203466997745
13.346218652191205
15.596148831589927
13.997935733906724
12.443822728149065
12.671658549376117
13.90536811453173
13.269735963712973
13.000220187431196
12.883834145568581
12.83201150971523
15.81615388290255
17.053235459725308
14.557132712222337
13.515299177303849
13.080748890545316
12.899253534056236
12.823291375738435
12.791849095919007
12.773324621191977
9.442362921249428
14.862737132189611
16.634567067886824
18.020054097396468
15.920805936788755
14.061007154597874
13.282732312605734
12.954364789862812
12.813473647051033
12.748674707841367
12.715583389872698
12.695704637675155
12.776816400783288
12.712067175352797
16.98314273410975
14.453755919445534
13.392747114530156
10.76464452431322
11.84048935383612
12.615034804474544
12.595062000211744
9.993648514762706
11.48368420269962
12.094829448536533
10.403965772388657
11.624608969471955
11.484476190453275
12.05436531022508
12.281231113272392
9.619046091021623
12.470373384362137
12.421514259922503
9.887074735010504
8.73814333698935
12.218998312304741
12.269386706257388
11.96359728872147
12.137935456168638
10.181733413378229
11.37070391164631
11.842406098647817
12.027249834167748
10.406270101775766
11.417242482426364
11.826961149395466
9.240267531725706
12.932607892724395
11.70355046382704
13.20579007432288
14.79294124782682
13.163471204811037
12.47302063740836
12.173756368013265
10.993543534331005
11.53385375998573
11.747756717064854
11.825673376336125
8.776799608274974
7.089735870904659
10.75250057478809
11.366477782392598
9.098000029877793
10.644971902638478
9.673271682741044
10.874374474574594
11.365010538183634
11.559954402541521
11.631893772629454
11.66256915536442
11.656489493625555
14.086686585878896
10.389548282605514
11.515109408188277
14.893288908172375
14.590390426708487
12.825235572195027
13.470183764009747
15.190590477491623
11.361898092182424
11.452057711103617
11.483671095399679
15.067984945906748
12.980911334517343
8.71257562714618
10.324543146431413
13.515457609476622
12.31968882936371
11.818858727396659
15.265015964521814
13.04135610403384
9.204482475380864
10.511742011203207
11.055223131214378
11.281459690267432
7.733432128345463
9.892167787285155
10.790627729301725
14.172374641810242
12.66152548693518
12.110258862815467
11.705421442264006
11.533488029965813
14.710249510773549
16.917798166082125
10.70059605690366
11.754882190556895
11.53352891400426
13.228627140596089
12.713008190378403
12.167278592879786
11.679841690372609
7.913100351888815
6.174101450475966
9.160632387116136
11.866467381532901
11.508768973668762
8.285161480990684
10.007554775010819
14.940687973520522
12.762136327497203
11.844216155946885
11.456535171776267
11.289804857747972
11.188200400985181
11.140415865646526
12.340730144341935
9.344541666637063
12.867054123950316
8.893147665336862
10.134114216930271
10.568592488745043
7.415166258038463
9.484010769559028
10.334629327348848
7.931758594833282
9.66489854073063
10.375325440226455
13.10102275046829
7.418222824757152
9.403317181109905
15.043175115157968
12.556630445296726
11.508625677602748
17.14351569478628
13.396242462749445
6.324996094947977
13.68905174369069
15.360951839194222
11.639697977026236
6.5405548848080315
13.977188164777406
10.272355210549463
10.438305573321562
8.774359555024613
9.790823814299157
12.137937399359796
11.181021222251228
10.675071000699193
10.075628648469415
6.919879149444336
8.237940558203888
9.490983304886361
4.252828526773202
7.799817359837194
11.197575603751897
13.35953914116924
11.566965569349623
5.816780015707529
12.098460045539667
12.698004406356088
13.321628685595734
11.519160069140943
10.761326262642232
10.857841215947783
10.473301380023443
5.564586087838139
8.256155936950154
9.66515699309608
5.967515981864394
2.408622184437519
7.468360186415692
9.02960907002662
9.678098911224893
9.946556136659414
10.056920849543179
10.101581532924243
9.405225356435565
9.8287701061879
10.011158276899698
10.086941782286505
10.117793998818387
10.129135655240823
10.131654415503252
7.0237283624953655
13.280108116445447
6.9475842805248185
8.795997217169493
9.099660382859788
3.683001807346299
7.423059893436804
5.492918089603231
3.550501958242652
6.512096999369131
8.580594651777918
9.43562757553466
9.785009746862094
9.922858837975836
8.250980648332451
9.267538733242933
6.198809700248846
8.395389307230095
11.482766128843348
10.579129164274624
10.193463565400437
10.023115629748762
8.59813022267727
9.337797211432019
9.635300644272924
9.748459001137729
10.077504150913441
9.910975322858432
9.83039049026191
9.78531810385854
9.754726341757054
5.364863188049979
6.292655740209358
8.555132467775387
5.079482954203846
7.731756885055144
8.82450738903528
9.267247442433401
10.109427518124392
9.314615575343296
9.438375622376352
9.145649821527304
3.083501775438225
6.78489193250151
8.31449447796858
8.945579496847508
9.202252263158357
9.296772490766887
9.324013444620963
11.881733313133964
10.376730505348522
14.562098487316998
11.469647350712593
16.132714166128537
12.112317423586562
7.937087552183552
7.6964894314308925
8.551071999349254
9.944229131823471
9.46585325905724
10.555636886436217
9.699314138933573
2.9526846501448025
7.306663219367547
8.314933686108857
8.725333114378362
4.270812921996448
7.023088470830321
10.468999942930175
5.603061004067061
12.50617145820803
10.425457729523687
13.99866093033775
11.034347365523342
12.099730037727959
10.23079618546884
9.446674089147267
9.115221525648067
8.972966338468751
8.910166654407929
8.79598709151329
11.76684878824144
9.981115456332914
4.577033460179896
7.065819501038164
6.253898889465906
7.762033265068444
8.390224522449222
8.641191245466192
8.745646017265763
8.789049258993044
4.315477125605202
4.464441946277119
7.001918809571676
8.057494589699719
6.647546426585175
3.6657000507736717
8.588152933745526
5.600511486195321
2.7149394558323614
10.068273836254699
9.350927280218254
15.08905265900816
11.391186263169903
9.8439408771297
11.87742836159897
10.033094768907493
4.766472256376952
7.0551139365918765
8.041711854421155
8.403145972256496
11.103544559280891
9.660944278458748
12.7421453859453
15.905138679903363
8.644202267676302
10.014928180469195
9.150270172113114
10.33122857286223
3.7628524769639764
6.51820804052689
13.240706788545111
4.826709733053619
6.932756200414244
7.084426386054648
7.850245600743373
8.157565915893365
8.273815143595566
12.883218179558511
14.540118762034645
10.897090452220638
9.36651218699154
8.716223013540576
7.1554343315551625
7.769336302345037
8.012340396545177
5.266092653604978
6.943755508621195
7.630297980688454
8.671584222135095
8.325482913568894
8.16905467412456
7.593630933855409
11.236361082766955
9.35178317406859
9.522863360478922
5.773250820724971
7.033758643859296
7.547415510297769
7.7498812316090815
8.006269425441147
7.9183678160805275
7.870459133481957
5.6860798888308715
4.862311079122929
6.404675336294925
7.046901740071297
5.550349189156101
6.690118232574548
7.163917848143416
12.02201621838688
9.382413438467015
6.516692725130797
6.196393444247857
3.431378064757948
7.533411641652481
6.415055394357719
6.820685605031853
7.190609188598374
10.541152577598425
10.56885093313647
12.229934256769937
13.987214566668188
12.76575204564354
9.632736932127264
12.495108575498937
9.504969727818409
8.250806214980733
7.719781440018872
7.490033370338665
7.385733460729723
7.333522591089276
7.303012128930902
7.951623034554762
5.681378446189999
6.868021631372777
5.210660790195666
6.370792141760136
6.84379197510345
7.030251963692408
7.097119688294227
9.147422498538536
7.9574798774238085
3.155329584961467
5.437922841332244
6.377294310800346
4.688568479002809
6.028445589182072
6.574538043471771
10.575830005042743
8.445271499760914
6.76125709359839
6.843599719905249
6.865832256486119
6.862857680205367
6.849256567913178
6.831224233547822
2.321022095223217
6.465592507202233
6.633384959511572
7.166154045182203
7.959892646150129
7.21853308302636
6.897335099766286
3.33229315964984
2.5043980721636547
2.9325415249006612
5.063671026970507
6.610244564127864
11.332238279842564
8.528785905614797
5.768822785244403
6.1768644796037435
6.341528787358081
5.712000118850291
2.810573632206306
3.8311849196290972
7.459968208728737
4.683414398239405
4.690108918596852
6.524515318558489
9.324658798589516
9.606690600942581
7.682799780523574
6.873558702454174
3.4028494073831705
5.077323550255768
3.3241896420496317
5.033704368621283
4.179342502563317
9.226387319076574
0
3.2618383773954314
3.3072811870322028
3.3391732929403837
3.3638347441679883
0
1.6129954863540004
0
6.696911930146324
7.08906750062833
5.4588946708512776
4.605049312121242
0
0
1.7410437589790009
1.3449461743133755
2.491867037592618
3.1204440102384208
3.4724326828422214
5.677601985580683
4.870092178484853
7.037851645758877
5.636523601238937
4.902951987439097
0
1.9222504993200005
2.960903693484152
9.742808599464038
9.449912134693728
7.010495157403573
1.8997680826517627
2.995960007576981
3.5914955197190768
2.287089881603638
3.2330045030107017
7.201250540014798
0
0
2.0484310755660005
3.9878966920035213
4.1924145346040795
0.20590517146430898
2.187818175715356
7.285997261791287
11.46442169215162
8.209872138784103
6.4776584893691975
5.557788793265404
8.089136118560242
6.425484854394746
3.1833755335964664
3.8135886953090745
4.150667767282923
4.330943290429168
9.627961566822147
7.268235831056297
5.988202748001212
10.550760267525591
7.801963744079655
6.349956613779905
5.587600609051957
5.196918434034125
3.3692873022481464
4.0385765614126115
9.761512354642736
7.480326065379364
0
2.286000885919
3.517457154368379
4.187417941686967
0.4553797340877388
2.580919567167218
3.7295478761054275
8.39247311358443
6.860342359053652
6.1700962372374235
5.70598405783489
5.4740847989056975
5.3660943543410795
10.667456481652366
13.802663589437312
9.85747699696875
7.768076431227525
8.381828022523438
12.502688468110296
14.135203048572157
10.113973915153103
7.983168049560695
6.869139838211587
6.290826312622704
5.998090973460474
10.690357905521127
10.748957038213751
8.423089242981858
7.203737306612119
6.574822232531227
6.246154644920663
0.7193364015006729
9.381252269630771
2.4185429684409856
0
2.796418331371001
9.134451732030184
8.838131734130513
1.8382783559311981
3.823720557940887
4.893258695936258
12.94657123326507
9.787650553714242
8.10602889570092
7.212693995580011
6.743675550396494
6.501072366396571
6.38533906011221
6.329548420391875
0.7710119204621861
11.164420458799954
8.893488536491656
9.707851054922774
8.121237102582793
7.276103823365179
10.082042909616957
0
5.8499032536234505
6.0842432963674735
6.242489928694685
7.503506873707691
7.0492793578934245
6.821834157158931
6.714487411681005
6.670713486755985
6.653987211409994
3.2262795276325464
11.075393358222739
15.628541283877514
8.948455093822835
7.945109688923865
15.42069906127503
11.427581406744356
9.311653237911788
8.19755641144573
7.618178885669441
3.7234425788774637
11.317799141239101
12.214985325394633
9.808993950522577
8.541060808884847
7.880569218487954
7.544293685074173
7.381476314423579
7.311423166838422
4.744353863417777
5.938708435675726
8.615310174798395
7.952347663253159
7.702532830483886
0
0
0
3.54309649338
0
5.23686746253798
12.080453029130505
6.60916135138221
7.129144927070547
0
3.6283326079190004
0.39420578021850883
3.8635508122435964
11.440313100148423
4.24855536651528
0
8.70845736609254
8.35564773633798
15.997268060647277
12.262531240685387
10.277571350584722
9.665969657822517
8.905969449212094
5.26317302626067
9.29676608295922
8.72703469627504
3.5968772056061393
5.694910971066436
0
3.7822895852130003
11.515110032347895
9.931262421575836
8.12229542040598
0
3.879103395392661
10.616634668090217
9.56749376873894
8.056374131705212
2.6954761841479815
0.5521675670731412
3.113133215392417
12.225900860896255
1.8151364123916842
4.971688364570204
6.67086686826366
7.592625902278488
16.096430093684056
5.185945787358725
6.846942984213616
15.394374433378792
13.294340784107204
11.223209487997604
10.135151635886523
9.57217596405905
9.730125258397416
9.391664810121862
5.803491418027199
15.152473573447645
11.187944191680852
10.222198166295904
9.758192451375493
9.527150983351962
9.420220711039606
6.302012936873387
7.73048062910764
9.310100568966917
13.515379311311197
11.608910309764655
10.605561676767419
13.345165755438446
11.078044936297893
6.138843496251082
7.738093538751578
8.603203125780842
9.240824781924669
9.426922508047003
9.53648426460688
9.604894538941231
9.65081471398704
9.684104272153485
9.7099382817051
14.412236324674348
12.247791051675232
11.100011462597903
9.368832382084108
5.354490058362605
7.440613020669286
8.981591188904169
5.4257543052058175
3.531644046420379
5.232143095726768
7.395599548574803
8.552556815127515
10.755988882587207
14.643108771771997
18.654264253603216
8.929028269540044
9.382474990634567
12.500537003055912
17.262307668702285
13.832884336430538
12.005864430121335
11.034304896608745
5.523139172713867
7.73064534999112
8.922306677957263
8.575798748779876
9.394678046194942
7.809983313076389
9.008097606665562
15.762608815369408
13.281139420541116
6.200775643255095
8.208451862599919
13.58871533148578
6.409970971354167
8.365729559917584
6.234601686103662
9.500124021494038
7.645262461244943
9.087039266907302
9.871950362856737
10.306324701389354
12.008965516488512
11.47794026589327
11.22551228233365
11.106282706738236
4.7632818286558205
7.673398866637746
9.922283284416968
9.975942240427832
10.499840591249292
10.700635418331604
10.564052358977698
10.856691249905499
11.026522866023573
7.811373912789804
9.42813841820664
9.565250237939972
10.389705796291768
11.265300403686325
5.93845287351042
8.492142154275161
4.354023274144608
14.028604828578256
12.842696484284357
7.09440907064856
3.6487881901154546
6.850565235121545
12.953814172345279
10.152871576241195
9.568439893256155
11.714466585945608
11.668071565631577
11.648259808835009
11.64224372563936
11.641193255275162
11.642792436746827
11.650861560018107
11.656977922783662
11.955850327614385
16.898385399468587
14.47628320860544
14.381132653588985
19.10552752997973
17.498405032358377
14.79965024654043
15.84813127072924
13.921173032249122
17.188250991587594
14.63965180301414
13.379643210465344
7.982233296806777
9.847308175107097
13.078366101461384
12.585836628079793
12.335442229667377
12.214196599679513
14.907239169379281
13.611237034005784
9.484171912157098
7.03713589827961
9.45120218528
10.752971315917407
5.561557045716868
12.741354103627955
12.550862897294877
12.463756167132546
12.432185181339927
12.430501085345984
12.445020860239616
12.468396838880858
13.048956290814878
12.489176016423773
12.559353091513724
14.795985902403615
13.816898333229569
13.303414722921298
13.047304045457803
12.928180593642283
12.882047496332522
12.874629582349034
12.887874731759444
12.91189956086784
12.941603778477079
15.252850601285411
11.159592693710577
9.080271301173795
10.803183986165578
7.3528192163453525
10.590408502357187
11.804846340101795
12.464383824907317
12.826983449730545
13.030584995564219
14.943517339959348
14.184837479390307
14.016849237816519
13.702845047058894
9.880328128508394
11.511626796150079
12.388925010681682
10.758413856591947
10.088221718169967
12.754821300210711
13.075178414960435
13.249464230568888
13.343858153962557
13.39562176367042
16.093880732373187
19.67802782992633
16.859618423574688
11.024470713526156
11.424093299574736
12.482005971985078
13.069073666727238
10.314269777978335
11.93367926015624
17.522413361766212
20.027745271066532
17.147666901306103
19.653848762798717
19.638335672927045
16.972841029026874
14.918475622719221
14.477373503266977
14.253314423831258
18.761936821516052
16.562336614418964
15.400280350954958
14.792177144328566
19.194562568923565
19.80294640352572
17.179622527511324
15.792751416246043
12.376659415259176
13.256247675597297
13.738974756311718
14.010297886153932
12.941338906642308
13.613632062602335
17.630231555625777
16.145902254673913
15.369393263639
14.970650682483768
14.773504625341339
14.676150528097137
14.632045420654633
15.157260160366619
