12.810935185193173
14.061412890739613
16.803490657661932
12.75821170196812
11.27189328632472
14.624279629839592
12.248151667986972
13.538916315335241
15.956675125066697
12.445287928521623
14.813313076131694
13.300016890765145
11.111681038004754
10.661984316472658
13.428393843933458
14.4368856121121
11.81660868005698
12.196413159724221
11.064698768130363
14.555797995273078
14.921847236225258
11.897778132816594
15.003603846972501
12.447437584013267
12.246176299187734
15.652853759216853
17.060922792965385
17.23796333020838
12.793921621640163
15.364722434796821
16.492342877883537
15.334973267122887
11.878685577145301
11.909332621701854
10.36248960073442
14.152160661038325
12.08418831786637
12.558682660948554
13.83038993684389
11.999644264308484
14.667871853937763
12.142915124290893
14.953666143210581
13.824578171733359
15.498700606249582
17.263303128710685
13.678015175865465
11.50015284753109
14.690338543553509
15.941945779297312
16.99208464447805
13.580945411841261
13.698540002116061
11.380576707423378
14.311073042690477
16.936899962172152
12.431981269525004
14.855659313243697
11.47882611475378
14.911524196265287
12.754776913387277
14.339467751142474
16.61181217653755
16.27481914863368
15.183035999695019
17.750283214446238
14.838744947885196
14.89735685192001
15.92457516224557
15.267860632204842
14.179098993728827
13.179670103602376
12.278362192279127
11.361480977524433
15.420707527385986
17.785504780445464
14.179865752654042
11.257917593756279
14.278371176786807
13.175308286436238
14.664127082602525
15.010918976770467
13.804488115297513
16.66511416557058
15.429210699538835
13.493747190701532
15.445947919255241
11.679033546259463
10.512576005206144
13.39273897407447
13.783812634701459
11.791044736037145
16.010971859982593
14.199758549978005
11.828229102221808
13.735685946802688
13.900763334264909
10.736464497509045
14.805116589309828
11.381069710131209
15.879117254693526
16.000107042859085
16.182266981963547
14.032381172610458
13.334639652358437
16.06952736135698
14.240231792163849
15.626593572133853
15.321816809885773
15.928191839379103
15.095412530506385
11.372815743956679
10.015279842459627
10.981253275247953
13.130281197997608
15.974326255610357
16.880726832797844
12.06281093949033
9.97787668644235
14.89323798973423
16.66447260730261
14.017919690871308
15.799630333727272
15.92458610663672
16.907926605414804
15.285536842874723
13.183385111350796
15.999537910066106
14.320866486550228
16.034298281952086
13.98140232863903
10.29173149305813
12.589167890436771
12.599858105927735
10.984228349386735
14.116007795502503
11.099909086060983
14.121323037318362
11.649694583048039
11.936826322953735
16.760780022727417
14.641521118930918
12.407518927971175
16.651696804137437
14.230315809833636
14.472170250215697
14.561708825110902
15.451197943495263
12.290323230321416
11.69233539331363
13.82255209218082
14.300155747408255
15.749936270078779
14.018323119930141
12.090506761370838
13.800622806849283
15.499093431066255
13.872015331322023
16.839420509755385
15.610839646952549
14.55260800211671
16.891527266890073
15.266136216964139
13.31748287850995
11.832568314676818
10.60842540495717
10.887735735770837
10.79502092932943
11.413008623669366
15.315981104936801
13.282206089611758
10.571541476473778
13.490068521617687
15.556413663774284
12.957251103446016
12.532106363866896
12.548355086571338
10.158958471908345
10.354183065483443
12.756103822847232
14.749937981848827
14.182887923232967
15.999162873732434
16.354726590348637
14.375788654245026
11.956701600924964
15.730385861572756
15.774920243902692
16.723548667413993
17.3692099244351
17.837424216522457
18.563850183583554
13.02119412804106
14.164079479755024
17.3616338375314
17.89450441716417
17.050557989852155
15.300035425242214
14.566532276484452
14.321210471171579
14.146476718123218
11.610088962571945
13.739725652040306
15.947904396031511
14.867883775418036
11.491947245726575
11.207296639725621
10.018540216804832
10.711160001980504
12.984478163686617
11.532070020431624
10.519046701227545
12.013305405248929
14.818022755446309
11.327298596101869
10.32749283212805
9.037194093060226
13.271408784950928
11.505015544852375
14.012651153302372
11.327229079278212
12.455109476566903
15.039155900102685
11.12275837840312
9.877347115822232
10.475192965766256
14.165620223747254
13.698298975315726
11.565008842288986
14.781707718553337
12.843855038716029
12.821659942518068
14.998438878568049
13.840742660288576
14.27663691692634
11.45791800464938
10.205055026905086
12.859208441386413
13.75401284774652
14.24825240895695
14.442721165844137
13.051097647322315
10.533516462735749
10.004078483230423
9.439674748206917
14.639565053379357
13.341377688327789
16.176540319619637
13.295085285065642
13.943029581842229
15.995494052733381
12.312716855125009
13.822858987781602
10.196191017986438
10.27384727465448
13.01950399481402
12.759325274492273
10.781895473858565
14.598013739940189
14.91725950640435
10.657934809348223
15.117664415287113
14.974901885636438
12.980541343187278
15.063425257607342
11.207643147696407
14.774297258440505
12.5337939345503
13.785344932862122
12.971851458187718
10.966448679020319
11.719787553015351
15.549425881745691
12.491607775157535
13.87041754011933
14.508081035896996
16.763441968773762
15.376048131102465
13.334317767046521
15.071427100825801
12.272829957785818
14.425659672477806
16.58344246473921
12.633803886081386
11.381680823541194
12.254429251018523
15.473016254987664
12.495525997915152
10.986999916215089
13.07880960475144
13.748075450167875
12.828186846857736
15.62938057972138
10.811182108168628
8.798974663940598
10.083511605215561
12.276872034508212
11.391840598808514
10.419102702692467
14.257889432764877
15.119917935934694
13.280114247367484
13.369616582123058
15.724200602672752
13.509782920132832
12.703482007176223
9.971986357534073
10.024864127698555
9.041415834496387
9.684737610572437
12.001667354020025
10.63729884232199
11.259116857513783
10.356985024370724
12.300270218401458
14.30012522248923
15.055946014947718
10.179173465022384
12.187337066361403
14.474232989566087
12.825394898588485
14.650910024223826
10.61802060161981
13.841019830371952
10.589742098036567
11.48167938541177
14.631156521629872
16.263838701260788
10.684281488213138
11.978681198020986
8.572186947376679
10.469349213616766
13.870645740258905
11.342164169893044
7.149734704054842
13.561425522102173
11.984679424425224
12.223515465781741
11.504141690208911
15.618942138163007
8.753802969308925
14.15855267553355
9.136426229730542
7.1329041393148405
5.78209295931336
3.9022018936841976
4.727062770783906
10.697192302018784
11.560074872163378
14.329915640620499
8.917046984696652
12.70314818769586
14.068543761888005
13.003553631156093
14.971115908802776
11.747017800126498
7.8729004602848125
11.394137952340555
12.853115556502184
8.010248448686927
4.576188209487353
3.0371540544508777
11.5682305372446
14.208978842671044
8.242375128812258
11.197253927247107
15.247253723562824
9.061737453257107
10.312616773019943
7.702981726719167
6.914835067903668
4.162913462851779
5.939324692494182
6.173438565481315
7.278188793424366
10.46069017399574
8.356645815818649
14.237531387548607
14.474861420725436
11.143971474119438
8.948305751186627
11.663164386320929
11.178324447574013
7.241306559176159
4.6912427257646705
12.40260799129748
10.66958874525885
11.2547446110463
14.116959787983426
14.296592862848613
13.559688735821245
11.936159577634395
12.363633715242457
7.694193618022799
10.98674910963475
7.4092346238693025
10.752488550088177
11.935989172240362
6.066170455862069
9.058672606904242
14.634537834373996
9.28294359946499
12.490774712170214
6.051395657910416
13.344559586638269
8.303817634846268
6.495638606837774
5.327976048483791
9.067124574918957
12.530899726137104
15.274661439977852
8.639832473003626
11.512306339940096
6.241799205451002
7.463053931150581
12.599520132640912
12.609205183699297
12.701682007506937
13.131020992439627
12.288778114431365
15.758252707646548
8.51648415518195
11.336500021468204
6.048331736795367
6.258011348630065
5.615750008673504
6.431866529076929
3.733086380075499
11.983080757393648
6.739764099158755
9.787659961684458
10.339485069591639
11.96929057730912
5.777173927039432
12.666543832688308
6.548076230849995
8.83435071265571
8.268093964325182
11.741120193464667
11.764748590067732
13.074627186640775
12.399013836109829
8.071852413095534
12.612806546436985
9.148323494042172
9.913197691531902
11.02869940373996
11.786391009002692
11.386286752677194
11.513432623214793
8.22939630210464
12.703503298599891
12.240290294807604
8.711443007915786
11.067288146159992
7.402234941755837
9.096535471920586
5.761464695867787
7.997081277345389
5.0902790646702805
7.4047430617709535
8.970259139408071
8.00517351735768
4.472966065191333
10.664374397230072
7.694066410535994
8.875009624053643
4.825962312247942
4.952691510818307
10.85508885829283
8.573496462939337
5.291954640806477
12.397462778044657
7.28863383695731
12.421649021305019
13.651682887980211
14.364641178883787
10.826893787804877
6.525869433335181
6.143312406321817
4.467451589933179
8.002240507649306
6.344118826266867
12.406978742600359
6.556278574444391
7.945874370329427
9.729890881128856
6.230421264183306
11.322374351825626
7.6875030478043405
5.358714819084181
11.441518315390876
10.437733995922283
11.019444326478633
9.840773541486904
8.533491465149563
8.988122394365906
6.34399043583804
7.240836548618903
7.100567254593033
4.106771396028927
11.019359859106174
9.248942600033146
4.067350465516522
6.038241075607505
9.571544993763922
9.821717508393965
9.712647065801082
13.08504206091261
5.601994271552594
7.212870143218804
7.166143966606034
9.555477984544163
11.850041514132727
8.55713293028141
9.99683060512808
5.721670604805415
4.368689971600503
4.894979452556868
3.9251388367375424
3.2876803025670602
4.700602589116192
5.350423100920205
3.4766268678462247
9.595023125162164
6.544416973724471
6.0699838582108745
10.424863476318144
6.351469561631838
7.424334852002875
10.212418139520972
7.465754068930487
7.6331064971908535
5.338547577737666
7.973918460561636
8.840220351888215
9.778227310961121
9.422936486531698
11.016317796958502
8.150569829735426
4.750249015119867
5.097559019222927
3.18242159980615
8.338419647610575
5.705992982321124
6.8863343751993025
4.067102165179084
4.727736429675212
2.6467906635126663
7.58405611158935
4.489994594193198
4.813201391172402
3.2514272603348653
7.521472289916799
5.692404227715078
3.4538268582350184
4.35270140033543
3.39734743360885
6.153361121287258
3.103332592378415
4.912292079327285
7.642864320490011
7.522286977209287
6.066490376692598
8.759766939473447
5.2411825454734515
2.957219985008363
6.555014168969947
9.73596446171111
6.640085467116146
4.163236418824985
3.561860666684798
4.256462334264853
2.5498790343887294
3.0777230224743803
3.4338217230232506
4.600491200229827
8.089620319106402
6.517201943715676
7.896398331003285
10.664583671422132
6.585528090805971
5.682363128288106
6.764571587553114
7.724138067026173
9.735485001360779
5.855889396975843
5.109331328627321
5.5211358870843945
2.592291065765872
3.564875641928546
1.8988710215310105
0.9714011451623876
0.6457165218937719
7.188394757065037
7.770137486306192
8.441430375410922
5.326731356102919
7.019503465047068
7.351473011234743
5.351779541737635
6.418396661959932
3.6159979017913995
7.657029937530268
9.244686304141666
7.836613160885312
9.376747460297503
8.46911524160017
8.521769868551331
7.136999643265469
7.579826813331911
5.921533900758645
8.828605398525479
5.536626477952924
4.303024464989521
4.809825102337532
3.6895315445302264
7.994319373101478
10.002066464243688
9.950241621730767
5.2174341200058665
5.739872930785165
3.0944455358944154
0
0
0
0
4.51136440586565
8.636864168592583
3.2781749177487214
3.2445575977867582
0
0
0
5.224050282642373
3.5067683757739996
4.561618361891346
7.706690205049595
3.4141440596727612
6.027626842905458
1.9404301738319276
6.740634735342521
3.08716199619721
0
2.089407139781474
0
0
0
2.035819501399329
0
0
0.7303494890157403
0.6433677479099629
4.026428075339963
2.291423356738423
0.1548319933081972
0
0
0
0.6825814306335962
0
0
0.3423522938061634
1.2663940428269989
0
2.5649530895697623
0.8852314169355777
3.5376180754711637
7.279238851280497
2.1934324954129814
0.21717102714494096
3.1991868751858803
9.07101944212358
0.11156333736224067
0
0
0
0
1.5126474715254625
5.263934908330914
0
1.428947390508319
0
0
0.004444437538586143
5.15470265524024
1.684623234950478
0
4.4671386163067845
6.003797835847074
10.36989973312096
3.303042493069185
7.485847450909945
10.585943845008785
10.42071563243276
7.047639966885294
11.127093533443098
6.476226475821255
10.241011129390605
8.722282300891022
2.5514936509572923
1.3516591250751082
7.56954599103246
9.314754665625426
10.628304419868666
3.525116918483617
0
6.807656409522239
7.278330355479552
9.377181000444539
7.3352361904341015
11.025796711058163
14.206431433877137
12.226176342936013
4.241446415296089
7.382863939956085
13.358591831262881
11.835761603419046
12.22685409925536
2.1152657945314965
9.284794374932563
11.196717993700922
14.74188455821226
16.055598117546616
16.917106768831403
16.502930807143127
8.463866325096685
1.3789856330292114
0
0
0
7.397942130159717
6.1877002301058806
0.670376275560038
2.9013138198434385
5.429093685522819
8.85398335613296
1.0919325988052755
7.889045140000237
0
7.316234072198743
9.451239308591315
13.401739120068882
7.236949715738813
8.528933412049458
4.938647572992594
0
4.083016970109334
0
9.596140337329341
10.169812210966109
11.083162913844582
3.164109398589064
9.737755680993759
10.747329514970362
2.57583565519686
11.075794523060386
15.47702487560939
12.815676721220449
7.286708450791261
0.952710759614865
1.1331393902434952
0.8006505595950131
9.945839672887296
15.283903873005974
7.805393091347177
4.273644765609965
12.000239951209846
14.505823165105236
12.165098566972487
11.670706518807718
9.206832231673399
2.1462967083225744
6.0780475176521795
12.03417260620976
7.69458264499245
14.556381989943231
4.495051277469464
9.929034521910502
13.141351345625186
15.176536118877289
7.866769281425141
1.618929657252103
8.200043972727574
3.1582918429968396
4.021416785078877
3.0121238919561204
10.023002210237449
15.550973040932043
17.479898816169865
11.13446119578811
13.818431561072304
14.228832510021139
6.3353185341857134
0
5.2658783789132535
0.10788213558981319
5.491066131645951
4.235777269616257
11.257115851638815
4.078619623245039
11.483727683284082
6.42960728006855
12.46199369679616
12.137864909670657
8.27415666148816
14.047904269093557
13.58723614357144
8.912771754347645
9.81960108679421
10.305914397495696
10.56749212428001
16.470516598180073
7.358570494954373
10.623227424220666
5.815669600047366
5.332296336273117
0.8038223414269563
5.788799312491703
0
1.990628372177897
6.169871239660459
1.1750403392774684
6.65030433482263
8.552546946889716
6.1845731786703295
7.152564730510062
4.28647243199536
2.772923201980916
0
7.609852155780905
2.379761331897285
0.6402833137327981
11.105916858934162
12.57144615317236
8.347933477729775
8.032768579118263
3.449692750780966
10.025190046520546
13.178502177480052
13.28506901920122
10.103771316233981
6.144284691138307
12.276777464278638
10.8066890193161
8.185357760088753
10.482736712154711
11.614613591195852
10.930640819613144
5.479975828375626
4.428922404243622
1.710862537111682
6.9992442712958916
12.545135988313962
12.260947658037152
11.468986404986914
9.646279931420995
14.650607088634246
9.193548134465107
10.087614072311384
9.59634423270986
9.775640010499508
9.010834546583027
5.897641300325815
7.172562832846852
3.3025514508543665
5.6913203262266325
12.9379310754783
11.063864893799472
10.826580690217435
6.9042305365841345
5.897599819583956
12.523368824874492
6.296655004109569
13.065296132990124
10.49452840469925
8.586079711138966
9.196042136629025
5.291965929615573
7.766447986757908
8.979439023646801
12.450363342400346
7.145416594812406
8.332799010525918
9.985877544810688
15.438295534110752
11.74397590874171
6.633673082245392
7.060248206047352
4.915927865655469
3.0270442616035744
10.496153631182377
9.288792004543383
13.541457474397292
9.099310666795528
8.046057128904284
7.824933671504283
10.000707399068997
12.262057562159079
10.772128995420573
8.256819203738823
14.958522810892314
13.01708425641841
12.756298396329921
7.099701418954697
14.310371448977252
16.32911318110095
14.267771641557758
15.236839670121357
15.769072938951894
11.294474763347647
16.082044668988054
9.75502838023586
5.959316384837671
13.386729715985384
12.915568180142348
13.220060262597778
15.673982160761353
18.949123017139026
12.138791056862006
15.569508349843764
12.422153648789099
13.57576626030496
8.127943215590541
12.17570215634125
8.487347905596057
7.071940699831696
10.556581938017782
11.664491918313091
11.178309355566117
10.166526260541547
9.850515823087946
9.037136708046175
15.335064383037697
18.700583216456174
19.307584494104468
14.209117168873846
13.443562967289377
16.513973713274066
12.404161272189977
11.080899700022549
12.878795810512873
14.931765701630063
17.546326811538762
15.14510897550512
10.067760033169645
8.010470654051964
13.531737820462327
9.752467607893083
6.543828734283331
6.678052957456503
10.972236355561396
13.168676518154914
15.1066393173376
11.590646135992769
12.873458334985562
11.943029377368292
17.425892517062746
16.0241785230195
14.963233578471263
10.395707158014888
13.721708197783883
10.519373918490887
9.583664915559929
6.928474924096869
6.719189308356986
8.900038425806539
13.116011726837762
8.871136743354722
9.767456926988569
9.176247201769037
10.720743711478232
10.042235718482486
13.945000112983902
10.945955242005871
7.979338143100575
14.022315379681489
13.73396378622235
13.352273662472689
13.411850908595735
16.982914267207704
16.612340070986654
13.073769858344631
13.004418540425517
11.837651090422177
11.968663751658989
16.41068853511088
11.498986370700514
13.472113546625934
12.245609842682343
14.716638359911652
13.836121338453436
10.920692005619694
15.19082341116972
15.595708088209925
16.069899442355442
17.400105807660566
13.77264413811945
10.535440563324372
10.700219827111006
10.550090300500692
11.95107777344061
12.868526174756596
15.902099060043064
15.477605090014393
15.094704262990849
13.583278891659146
9.747755343153564
8.849161145414682
7.388886281691758
10.70609220439027
15.505457380476564
18.653716200342558
17.309551388500065
17.82720076253923
17.06124110253745
11.585311770827984
9.411004031353404
11.61916428404724
14.200049025227234
14.932269789619907
15.169785754428595
13.178025601172358
10.652329525853647
10.544609486715903
9.761608265164408
9.355111824848532
12.998973286604182
16.67477318840104
12.586986457946873
16.88807392335861
18.95001209078345
19.489665761032995
21.01904286114447
18.653824414540725
13.473525591206146
15.63673333725809
19.179595383492426
13.384896629327667
9.897576476923243
9.361900271696182
10.155944844607099
14.11662732950108
10.676152443251262
15.244374812807818
18.43473092479579
15.804073253241643
12.60632482838368
16.165095509451234
