15.024510935695602
15.209664264986758
15.286743280450384
15.317444203730076
14.061207295804225
13.235713443639812
14.456153502743511
15.312635026076446
15.311050950325257
15.95353729095147
13.879802133289704
12.229908233740876
12.611742575308961
11.145681108493061
12.441251307957508
14.049276095638024
14.470296417754167
12.600344734251763
14.09569814323471
14.708409068675106
14.95298987210412
12.699383645442808
14.09334023996682
13.336016323303094
11.871346310921055
15.559777479341784
13.672919498488712
12.396242826516179
11.259964625073401
10.541387582690668
13.102910967225602
12.114281335612842
14.086024381332296
15.854725722967709
14.30609622502306
14.188924857940762
14.558147917931915
17.385955427761765
13.464973243277568
14.231782876526164
14.547760184541653
16.46227350110051
16.1823425934081
15.313715036050757
14.941197730702353
14.775507661687671
15.464595242154152
12.388784800655127
15.885977720136667
15.12738512504895
14.800882556265499
14.654654190873035
14.583716967821594
11.66104855583984
13.316486160297663
13.148909964246414
13.917216105033482
16.134125793411815
15.142508512184705
14.720018861381767
12.908897264726992
13.762368878256138
14.109611883145734
14.250005171505627
14.304204182987597
15.506012268005108
14.810688048073331
14.503468979085488
14.667055544251564
14.438081964420828
14.335450023805361
13.318281198955708
13.854900623221244
11.541119261833567
10.754027793278269
13.595402366134536
13.950720742374262
14.796073796680874
14.434315842996522
14.278795793704251
14.209418519006562
14.175936939243634
13.968584407544405
14.067350048110153
14.104546011865903
14.116579166402524
14.115399144301133
15.89882315649508
14.854717124289902
14.418777162574003
16.920431966137322
15.277543958519823
14.0439163204449
14.077602399962592
14.091326243796813
14.096554733125332
14.747464213224664
14.346112991908718
14.178396604035164
15.415504203741994
14.91213188651233
12.246253272279656
13.527681311439393
13.828826646139996
16.276137173289776
16.154551505498027
14.542427601798865
14.233745960786788
14.098672064523056
14.035412477906759
14.001620511324148
13.979621365239973
16.227509468175754
14.890508965257638
14.316078982932058
14.242232777665267
11.572856832881772
15.539825120629587
15.267180264422667
14.434800069570926
14.080335242376206
13.25690196464789
13.37538589266876
14.431129846288556
14.031151419980041
12.94532577865828
13.388678294877707
13.561589667857941
13.621725246411604
13.623158041144517
11.088261778350594
12.600524003041004
12.865794058495204
12.613328974973877
12.324722216855992
12.619745338059545
12.230036116260809
12.964264607101882
13.259141069196955
13.54279265937155
13.477689421500125
12.719560375263887
13.111787011004862
16.585730064574847
18.108813835416587
15.252662797549892
16.645077252141693
14.70142545457037
13.870358949251873
14.819436809195409
13.896737492419728
13.500578873786102
10.25384072406838
11.959847988692495
13.236905744280177
10.597287526174823
12.07068789199985
11.79254676172647
12.548158010154621
15.621079524259864
14.128283612302287
13.491302010679565
14.685006455777781
13.703898432851803
11.917661193162719
12.532620202730907
12.872198119135621
12.915151739783814
12.923202762539916
10.010986538751947
9.681480361327893
13.670731635709153
9.899061507952334
11.637205761770138
12.348244156712818
12.638090227093832
12.7526098161864
13.858047967721646
13.25001765853721
12.992003569664456
10.458718047675102
11.750297049460816
12.356575541359522
12.602801238849313
10.36199707880316
11.767186158858078
10.98430097845793
8.631340979540223
11.04485221427161
11.331184597554165
12.15478176729562
9.427773733100596
8.77771734074349
11.090111394836212
12.05243117496185
12.451583031303404
12.61538196988213
13.419697112771749
13.011438022091989
12.837256062920932
12.758584840534354
12.719712942165867
12.697425422115717
12.68659695454202
9.523307641624644
11.34871807541139
10.089461629345486
11.574145683845465
12.185367922347206
16.332910656341088
14.152932645040933
15.353154019741577
13.726742771950716
13.039264579669865
12.743039791620033
11.079337720801185
11.906036460375455
9.899643692424302
11.393965608296408
15.420133181883362
15.952284043787271
13.883761586502956
13.587724859011795
15.155134533356689
13.517141167610134
16.23672020057259
17.5197671208831
14.475640966255714
17.490372617590996
14.42852351336337
12.177594827458721
12.17863754326685
11.28566349797903
14.636193298121823
14.972891308949878
13.308600015407816
11.073454542541954
13.37228676137182
12.606353548174038
13.581988119570275
12.670347904535735
11.559397658880025
11.804603190818908
11.986163315137091
11.959172567738827
12.108220415014348
8.511720052976155
8.217629744520142
10.343440377686743
9.363605873317077
10.798560310776427
15.61028689568285
15.486390049711664
13.307014023903251
12.484647968160537
8.732604802849627
14.129783359450267
12.712035237163327
12.11196585641636
11.852731235250697
11.735730032314168
11.678245970224914
11.645538231952722
11.6233337642039
11.696284409727017
11.627263900980049
15.571959151158119
13.226966347207188
12.242518933334836
15.401851759577527
13.135506404307156
12.185164165857593
10.41609218728103
11.052351579425732
11.313151444176428
11.40820308938792
11.444506019891147
11.456723301983441
7.90283320320825
10.79636923944507
10.378629574222819
11.00293180181825
11.261155845529666
10.647914976196596
12.499511514228
14.968355117653747
10.080005265210207
13.877727532308107
12.44994120376799
14.132206044930996
12.551102414524747
15.54636919373569
16.30494396333893
13.456413610613058
12.251761264871263
10.134151654897845
12.49147528452019
11.840467256258764
9.303901363317205
10.50032322372908
12.947356100765473
12.004899987908574
11.604979933401104
14.2777633869762
12.537428316055784
11.804748573275646
8.088728036718766
9.93014297335311
10.693018562878242
11.001704712620965
11.120762002680356
11.160255474795706
11.171528755940571
11.171042684269237
11.138712203296592
11.119794133669691
11.10646501585056
11.08981054148493
7.353262107975068
6.757655611659828
9.24425467816305
11.49462865397957
14.852616481115314
9.999398964865224
10.54939158833294
10.767152421015137
13.936287613745547
16.46088182794561
16.366346954440203
12.303679412534251
11.983601326784402
11.293755714277461
11.161105053070953
10.927110246662266
10.817718698908168
5.388175396430731
8.486027577691486
9.764929758166843
10.285887686007724
10.406117742388924
10.517430461175465
9.088302518054563
7.983385419275625
3.3570709763081643
4.438867815884771
12.68296263984044
11.413835979850713
10.879288160741794
16.591846248794507
19.087198593745885
10.04557248992997
10.25475829905862
10.331391257500528
10.35279069219047
12.019156119994278
15.599371059095855
13.557254882562278
11.06089796405595
6.361215071434945
4.898077435870627
8.020120447079291
9.317213200510741
9.850520136506027
10.066004002713262
7.295075580537804
14.190977457557818
11.856421311771944
9.911851206604574
5.69731907969914
8.301484098923833
4.136500125669474
6.4259689285360455
4.481992886154013
5.1804823543975935
11.26051069696376
10.604445714822
10.329735144285928
10.214638292164349
10.166052476506085
9.940904799305777
14.378748677987328
12.073047604378054
4.6905833765457325
6.899297212812212
8.78297229371045
3.4387970866367565
1.0843119784125337
9.666768599555798
9.925081001490101
9.56591970938699
11.174299595618225
5.797203962080085
8.294091912586772
3.7050992299401777
7.410918681256873
8.94822359861854
9.581908509681147
9.838226552442535
9.937140269962805
9.970161447576302
9.975416476314646
11.39481473435999
6.6901192895020785
8.582033226321117
9.361273688055212
10.976169920260071
13.275377364368623
8.810066773509435
13.736476890604795
11.457419142984218
12.300254695727446
12.640565571852349
11.008782847996594
12.205609867438717
10.763261919640914
5.659234392211969
11.450743066672239
10.411764213449123
8.87439511003924
7.59167088537967
11.073045934509288
10.204213454332422
10.625746826424926
9.992336014702069
5.859301125027423
7.990934090929729
8.855638186630019
13.637108266001558
11.169813024138051
10.135390735036328
12.130844558792631
15.215855133598545
11.790495181888915
10.350832729230312
11.038632044436936
4.641181596135769
1.9634938240210724
6.2139060468931815
4.495326189298104
2.371261453153476
6.343322164123855
4.503383308059326
7.209500584046323
8.326291873198503
8.780953844547817
8.959803715378676
9.023722683923495
3.0386439263635463
6.53645004671409
3.493330521701761
8.636687141023263
8.842348257898795
8.920173114662829
9.615430996989993
9.22761665873373
9.059283944582747
8.98240922319643
10.36978866270083
12.200465139688461
5.404207328888338
7.435434512610172
8.27713799410506
8.41293788956927
7.5848047604505044
10.257877928576661
9.858307277201458
4.653945647562834
6.76319679084291
12.423760851881868
10.333864516516776
9.462154941860543
9.098665225168489
6.333773593281725
7.784145081600496
11.702388769777823
10.02037415989002
6.338130255894744
7.782684728189341
8.382839747987699
4.894834186910559
5.830712996772191
7.85380140349432
8.400674381116085
8.624446936571074
2.4599199121013635
6.13955409904464
7.667393938607903
8.298581074379115
8.555252294960578
8.655862734443673
8.69066837207188
3.703540892246693
6.612190437158797
7.816173531228472
8.979564109672097
8.785054473318763
9.994657272039394
9.189549926267215
3.0950707490562035
6.2865285673265205
1.4793512810005724
5.593495278104539
11.366831897373146
9.692381411566192
8.989042747575633
8.690366379735968
2.8046973135606326
6.090183625211516
7.447667719842039
10.308520646071358
3.5580505268608036
6.357197080985698
7.511710770770342
7.980730104978402
8.163793198825301
7.513205895627336
12.13914623060111
9.858724658884285
7.2293854232856365
5.536750303267503
7.069287427225969
4.276193001783089
6.5187246840890145
7.440717739915494
4.588353949260739
6.611793034697351
4.6079975946413905
6.595761064967069
7.418045146651378
7.548713517421822
7.871525598703953
7.908109743843138
7.911757613661036
12.758640700220399
13.111685947511724
10.045794880827337
4.3643698831623565
5.101363403496958
2.2819373056195866
1.2289357784345718
4.890171066310887
6.415414909776947
6.163086631254708
6.944303779873438
7.268291789837662
7.401536469090555
11.825157628911466
14.152873370895652
10.263160453117418
7.361948911381634
11.795959174138158
9.268868659733371
8.210767067492496
12.037250138846591
9.353603124268975
9.289454646830787
11.204101770496745
7.224674417107586
9.162441546955938
11.32550214930442
9.017594730023152
8.047717053399449
10.155369886463093
8.504943075971973
7.808646335067122
7.5097503858256704
7.376446250997558
2.724597601574361
6.521543399767305
7.315481801447803
11.336286912147044
8.923340546777276
3.4174873533551313
5.602510827809883
9.70393969448266
8.200285864638925
7.064757290652744
7.0785567573342
7.072731604059962
9.384007954465403
5.941466054318038
7.6102922001006315
6.248825605219626
11.02428623553925
11.249722345003311
10.169230740956236
8.263702338759265
7.4575890177625865
7.779753178236525
7.231326921942761
9.900102385824542
4.184004224793103
10.746980781691056
8.417439453491063
7.433985965054927
7.19522730188683
6.899897034071843
5.390237801467579
5.722552166949007
6.237828732075652
4.780352382644079
6.114510531321993
5.003497273284515
5.903132003527659
7.715695247236531
5.235281040059455
5.954537634385176
3.7062023272237936
2.6665909045250826
4.863141947683602
1.8629505530269732
4.50904298376794
8.127208685127645
5.346230526588281
5.932883869162538
6.168456537873631
6.2581025884239425
3.5500334241366227
5.151434961747732
5.8121039118786815
9.088292771951004
9.182188175262626
6.19777413463114
4.800490129706176
9.557831692920004
6.6370130541731145
9.128542756315348
0
1.5744080515399999
2.422156011356744
2.889936778408959
0
6.099844451376037
0
5.259490954612109
0
1.6921831157550002
0
1.724728617018001
2.6613589490198057
3.1777248941759684
1.9828145897286555
7.174775984308426
5.635824224205976
6.831987712052382
5.4860724021301515
4.784471992755648
4.434120218396414
4.261349542354327
9.671536838414058
7.0829825562977415
5.714670319087475
4.997035812400076
4.626150351827681
4.436535870066251
4.338520792924352
3.972852387602364
0
2.003015683390001
3.081422510843905
0
5.194534755253645
4.811715089318346
0
3.0401785084073243
3.6867121118371484
0
2.0779471762220005
0
2.088054086403001
3.206642384356641
3.8079350924067037
4.535421514099255
4.525560323079363
4.523960809926148
0.5701512818839864
2.4191722345952957
0
2.1161469698070006
2.6331607171053033
3.5358100976473894
0
2.157545090987001
2.8535934213767726
3.709506209585647
4.178656273373901
5.283276776946817
5.885886965565324
0
2.263293072942001
1.2656298922521039
2.9496948015307236
4.407479795794653
0
2.310502804116
3.5567244793272987
7.689811653522334
6.4556526933845175
5.811809560485979
5.4833002871203185
5.323758738852402
6.819172600756252
6.068082205408537
5.683051370450995
2.5530803608767965
3.838948386208859
4.540838564526047
8.239808055645565
6.923425146927474
6.2359252268355005
5.123597288320889
5.305381081483027
10.760537742045308
8.351144306121377
7.081623896699368
12.83511253909672
9.50504410390701
7.743041586889781
0.7578796143496964
3.1135814487739983
1.1426236398459029
3.3475334758637745
4.53099486028191
5.175823855767428
3.337533298274143
9.222571289391775
7.717582371390452
1.3927510328530266
0
9.247111166569937
7.7770737456977175
5.861747817627492
5.9939694100030305
6.077742220821618
6.126421809269415
6.1563756542601595
6.180024083468221
14.372585991455821
10.585578730443826
8.570796308480826
0
0
0
2.9402987796759996
11.803736219803671
9.24108535231424
4.6288205832189755
7.9674794228402455
7.200750444956555
6.805055357662818
6.62711524460188
6.565369186620563
2.2446620172972844
0
3.0743567054209997
4.728339741895646
5.6175365811525175
0.7402807909839897
0.2598436379351545
0
7.989414971510619
7.433365879658066
7.151077124142544
10.442678791696684
8.78610920252235
0
0.3457165721869462
0
9.682415395757936
10.815176736894111
3.5279707658047794
5.18950683751943
6.092180019367368
6.590009208423428
6.872270117682742
7.039710740257512
10.57393676092763
4.569624191716611
0
0
9.698489484841012
8.659880726039164
8.1312857118985
7.86576654514004
0
4.174958698951434
5.7940838467314855
0
3.5884456492850005
5.517291028431476
0
3.6283326079190004
10.410394396542197
17.380467105726094
12.940778088793444
10.583288806350183
9.336178895958458
8.680971308634433
4.915567141831507
6.340808222214292
7.109844270897547
7.528097583505931
7.7583671292697645
10.612949961366871
9.423709254489362
8.791950992951524
2.747857435049088
0.23066561171204736
0
3.1654015477549637
0
3.7847187641210005
5.806325640849966
6.886526686202542
7.463786708824676
7.772741871389847
12.167112336970543
10.394828652853482
9.463137557860618
16.625320696138832
6.930796954847914
14.248564578081707
19.749270501762574
14.088568996042396
7.392487527743698
14.72910249111382
11.892500430631335
14.700668388630723
11.908201343779353
10.433938549119663
15.024001371861642
12.129058570130372
18.246525124519973
14.323276185974366
11.806959223985922
2.3121978480021035
5.4334587439349225
7.116806695356676
8.032425772226322
8.529706824244965
2.5167015654964118
10.972759222084465
4.533364942801639
6.755536479801954
7.941287211945323
8.605197382286025
10.163958791743944
6.357847247791179
7.789651200670374
10.151767594666879
10.264219235835284
9.914472565757707
4.485669643914724
6.855959971144896
7.652075961785856
8.991376236070971
9.293816763979471
4.339725987879872
7.125702356721723
5.7829138024024225
7.620192345731933
8.608634877766558
9.143543343572237
9.436416476959145
9.5998619895294
9.693955587709887
9.750453671587994
4.531529698566766
3.558210695419838
6.496243435732026
8.06726200831861
13.07187992613026
11.578883121278107
10.784756929521997
14.011674134460332
12.086414300692033
11.060537145950269
10.518894354297062
10.230827533460912
10.078690797125743
9.998608504187295
5.21835077383381
7.409149321119722
3.0686552994718665
6.269365144947188
5.454791111195516
5.80808916511871
7.910618793957344
8.430280875554562
13.231057886465337
11.900782999025903
11.205707257275222
6.239989515157543
8.214533377570065
11.770410749131653
11.36021005167466
16.447012089197187
19.047714457294198
15.124695062631185
9.21145612455557
9.90719678016385
10.29400741948243
10.515988569070824
4.620995255543519
8.975273724185175
9.85916232552021
15.687952130246163
11.329546009713106
11.169476268658913
11.091744219823397
14.1980049989901
12.737888039644117
11.973614869711101
11.580352702357843
11.384853739627145
6.039901360500457
3.33055072934447
1.1240740921175503
4.218046451732735
9.62394716202381
10.421026474982906
11.927195389970986
11.675445998738518
13.911782990971124
13.568729891529273
12.235676649409971
13.470152586392327
12.554952698425947
12.075376684871085
9.798555402798979
9.236367094310374
8.814424087536839
6.273515224743226
12.40798741694038
12.038134281050386
17.688090848386118
14.865097568343831
10.815904102589979
11.202418144874013
11.415877837874772
11.954425097317015
14.43722431963164
11.125441568123211
11.395840380199546
11.540355145120477
15.396068926201695
13.676802434016224
9.312183955923668
5.693977810143339
8.502916745680485
7.716210261296846
9.585370869330998
6.58923748797556
15.326971429582436
13.766460442756188
12.940280900831702
12.512154365023797
11.428595318499593
11.730303087880383
14.77807004591028
13.542312389722724
12.895652866109046
6.663882410049127
9.252034123960215
10.646695238397172
11.40479990900673
11.823453282853992
12.06107101932989
15.335003252686766
12.709643207309512
12.578552688003356
12.52402119541759
14.481823359525034
13.571449739134557
13.119362758340198
12.895620737000328
12.793905965196375
12.748588478735787
12.733364584563414
12.743125291630037
12.765870810599786
13.71056677071296
13.316727467158435
15.889775705883544
14.513713920660459
13.796331920862421
13.430006986898189
16.031775240582675
15.57663584119083
14.172229906393518
12.657453259084454
14.784760004114899
11.93823992797191
11.112749658203077
12.105751458377162
17.262602915945745
15.40986654273665
14.433681413992275
13.916403974984277
13.64924745481161
16.768136534371035
18.732272490909406
16.66991833639141
15.57552105164461
14.568514094267563
14.03554914083417
10.679720433997794
15.613973179643395
14.605560129188714
12.06156776250845
7.978550444641605
12.425261638638194
12.98954238390334
13.304637073703821
13.479117864606359
13.714381267896652
16.492666667415456
15.219953359864887
13.810438422535231
15.601426101057081
14.775495951085059
14.345066664163987
18.645452267885442
16.431671958776672
15.261765271156232
14.648944996909965
14.333551961335157
9.63650391745984
13.083738190586246
8.894968295033069
11.308972615730646
10.699171359995377
12.296253173110532
17.972878278097774
16.203098175782973
16.77129098672662
15.236748889871262
14.782391419250304
16.540009014113547
11.646761822796453
14.992238806289926
14.707992249054303
13.14864383820864
13.75452704866013
14.093355453710045
13.256600715214553
17.98868388214842
12.241359641233403
12.104856414882713
13.283281125575416
