14.98
18.64727035
16.97775447
12.79236596
13.08089418
15.52395711
16.3222785
15.85385553
14.70504973
15.89201756
15.21718799
17.03598298
14.37001786
15.93921046
13.1682423
13.38492803
12.08486329
17.27431878
13.32232851
16.53419349
14.44623101
16.1812355
18.49167371
18.49814811
14.20152879
13.92564525
11.83707056
16.84174615
12.81707345
16.80282759
15.17121549
15.78845061
16.83410833
12.97136934
13.74922851
14.789435
14.12219782
16.59527937
17.83312639
14.34839365
16.09034631
16.15861259
15.82357904
16.3675224
14.1854286
11.3762012
14.77342598
11.16419542
10.376543
15.92439462
15.24621201
17.78766878
18.47332711
18.38573388
12.52557708
15.74242747
15.98322128
14.54806241
13.1413601
17.05160384
14.89293338
17.53656254
12.67061349
11.80143076
14.92322278
13.01796783
12.36101157
11.20729733
14.42511947
14.88651822
11.72862622
10.33310468
11.9247949
14.39144332
15.19874068
11.97063331
12.44215167
14.95264099
13.59535701
16.87664746
12.7889464
15.07802062
13.99283144
15.49877564
12.99742241
15.65794317
16.25167994
16.85997079
14.27835439
14.65518526
11.5408654
14.96590841
14.43031165
13.55243067
15.58449931
13.30585158
12.86483753
11.6400061
11.20181808
10.94607923
9.457584136
14.21348863
16.62896167
13.92623952
14.75880432
11.32283803
10.10415027
15.04107132
17.81856577
13.15516785
11.42251594
9.602513319
9.271881463
14.86687201
15.72755131
17.38981058
15.38909689
17.45297372
16.6315595
13.95379138
15.08320306
12.9300044
11.7974279
15.60181142
16.37633169
15.08870366
16.06650855
13.62789602
14.19860612
14.84883073
16.63437753
17.22737724
17.97749571
15.08867101
11.33755183
12.02353238
14.96454968
11.52806693
14.55901001
16.74252305
17.99943939
15.78826188
13.56532451
13.11819223
10.84783334
16.41833466
14.49982617
12.25570839
16.75636753
14.1768082
14.45221182
12.69183964
13.45185103
14.61741814
11.72345492
10.86517959
10.92709816
16.03117412
13.77589024
11.18005335
14.96442873
17.09981766
17.0482077
17.66205174
18.62515681
13.42736837
10.82380799
10.59135225
15.21496949
13.04878279
15.93716694
16.84694697
13.06562529
13.99498553
11.57380904
13.13864078
11.41928225
9.98025986
14.6075507
11.15572074
11.29004081
11.27101575
16.13366956
12.70648099
14.57250098
12.83985603
16.91944558
12.45522987
16.25671897
11.82059152
14.75875174
14.90791983
16.7618422
12.73184593
12.55639644
10.68964844
11.34268003
10.24974014
15.02228258
13.85338776
13.79024962
14.54623857
12.56167658
10.58642184
13.84100558
14.83122035
11.37009798
15.00952255
11.93163917
16.16024325
15.11925477
12.8850517
12.51813902
13.21555375
16.93665334
16.11191998
16.61816256
13.16362094
16.58753215
17.78865399
13.97804449
17.53960809
12.49025579
16.03691636
12.77270261
11.40054499
12.46490825
14.61608811
12.99141121
11.08357097
14.64823532
14.67645601
16.75497903
13.1000005
10.06608143
13.01892154
16.17298373
14.96688923
15.88587347
15.75518696
13.82580428
16.16390252
14.40321472
13.94466923
16.25039092
13.4725649
11.37206895
14.2125017
16.60329909
11.35277495
13.23909295
16.59446633
11.95065403
12.29857221
16.16531927
11.39265882
13.98101373
12.61324073
10.74390617
10.88750028
15.74035877
15.17363562
13.78198146
15.55866866
13.28007142
15.9056802
14.05323118
15.42417644
16.41819035
16.682409
12.27055094
15.80154776
13.54093287
13.31118972
16.5080225
14.82619346
16.2722199
11.63983807
8.990254753
13.33082414
11.41018795
15.2662494
13.50257968
11.18962814
10.94230578
10.69108323
14.38471497
14.20264637
13.48026421
16.18732545
17.02592293
16.36882773
14.73001704
10.53163406
12.14294992
15.53344403
15.72547474
14.44136243
17.12579366
17.23481469
17.70361266
11.79988021
10.47934281
12.50196178
9.825514872
10.49454873
14.77055769
11.60258435
12.92989911
14.19050363
14.34786702
15.04836755
15.76511241
17.42035781
11.19749165
8.885663991
12.14550715
11.91600713
11.66595552
12.98397489
9.723481694
11.7219381
10.46489767
13.22653961
15.15423507
10.8573971
14.9324943
11.17176892
8.517802095
10.48598972
15.10389031
13.4242472
11.2972727
6.045200698
6.783658969
4.249487061
12.97800833
17.14744784
8.423532362
14.13722241
14.42631388
15.73824363
9.09513235
7.621446276
6.016062121
12.08404841
15.25996058
10.26450525
9.57562678
8.951072429
14.44914457
9.654568749
6.448811703
10.32711938
10.83469891
14.30210472
8.118451755
4.662048855
6.804963969
10.08423971
6.766408703
7.339261011
5.938064406
12.53137586
13.42207667
15.63751045
16.44603626
12.64109576
7.78483261
6.30080294
7.420050178
4.291152245
3.311253429
2.900847024
5.013859751
12.53254843
9.786492545
12.77779122
10.64936782
10.42143588
13.15627408
7.002371677
14.23280137
16.59042909
16.26387409
16.7792019
14.81530722
17.04094955
16.98474686
14.34475723
15.74381053
13.49196084
11.67767914
13.20189824
8.824229291
7.428534605
9.234683651
12.91845008
10.30937643
5.29546915
4.939229143
4.999974042
6.649034278
8.197857628
8.942979746
9.679221064
14.76507072
8.166233245
8.888901969
15.27468688
15.74784221
7.770544597
4.544059915
6.344668654
5.559307172
5.111106862
10.89852043
9.270360051
9.559104574
10.10213977
12.49292055
7.59878465
7.832486126
5.413598718
9.513868985
14.69795971
9.977230249
5.371942999
7.032120674
5.867208795
10.16477979
14.8820249
7.692365045
7.840696415
9.305402485
8.923996823
8.317804901
9.692014534
5.904844821
4.194692471
9.892667988
11.16726669
11.57854037
9.888662783
9.173785832
5.817558745
9.415396291
5.78860407
12.43113561
12.35929655
11.34099408
5.465972365
6.710791794
7.65732637
13.70468915
15.45596222
8.777357014
6.205776983
11.54990202
12.90005247
10.84498273
13.57589389
7.090400439
4.057830862
3.008756662
4.201506603
12.31541303
8.401494344
4.482754266
7.419724121
3.418029535
2.947597599
6.876973158
10.80001846
11.89039086
9.18742164
10.23697762
11.21722902
12.93007898
15.49173599
16.01244583
9.804018209
10.15244429
5.504233881
7.59021563
6.386427806
6.42358321
10.89634977
15.47499472
8.886466362
9.834722971
6.848408657
7.882143871
4.930577564
3.038865732
11.05834263
5.030000539
9.474909571
10.22940136
14.77011383
15.56411681
9.245154047
5.513229669
9.171927456
9.275894136
7.354366848
5.889134955
11.36231344
5.250151124
5.086135077
10.6660632
6.339710414
3.980791011
4.291932813
8.001175944
8.445814157
8.400902683
9.942963986
6.60582034
4.726378328
8.928957136
9.556650254
6.314670752
9.235676579
8.774369418
10.95016189
12.32067067
10.26148385
10.34949455
10.14212895
11.85683266
8.989207421
9.528171031
9.741182072
11.24660741
12.18003646
7.797262287
9.450773304
10.84295803
7.285799448
3.660850395
5.482259008
9.96986936
12.23541895
8.814178803
7.466127811
3.966758832
7.504624092
5.08841451
5.188942626
8.797039121
5.694139104
6.696983782
9.172369045
7.262863797
10.74594458
12.11211256
10.29471522
5.405226423
3.518963204
7.168552665
3.841369061
2.684539513
3.780836587
3.277008893
2.185564899
4.340255683
2.293516205
9.04829476
8.680033557
7.326626108
5.00677622
3.950326971
8.577283105
8.510983082
7.599646465
8.557782519
7.676506891
8.805181038
9.025691716
4.332828308
7.839537672
4.369413348
8.86177491
9.134967456
11.70230505
11.09988612
5.520938232
10.00726914
8.611384743
11.34967275
6.924117862
5.940177777
7.977069155
9.447835372
8.223416083
8.335581515
7.417956602
9.244882519
9.823594601
6.409282406
2.838554089
7.844806788
3.254549016
8.788300694
5.438295151
5.221531139
7.188702299
8.637783052
6.057689842
5.766250722
2.937718699
6.118142171
5.058520928
4.995392804
9.720655514
8.031474021
7.081554452
6.678167194
3.171122868
2.735024432
7.466870138
4.196857063
0.850412115
0
6.961043563
3.965930004
0
0
2.786977862
3.234740827
0
2.9653323
6.541135437
10.31089344
1.658695129
7.078410318
10.38214637
2.931915798
2.40085826
3.057007976
0
5.237140362
5.543130124
4.404497663
5.00014312
0
0
2.968380121
9.708231547
2.76983673
0
0
5.142390926
8.290207304
1.666567168
6.581578322
4.072730244
0
6.909307403
8.100476962
10.45918491
6.584427784
1.888399917
2.687072695
9.713477509
13.4699937
10.60231066
2.748686946
0
5.538813327
9.949075568
8.351365214
10.00810448
11.1595007
6.900063902
9.902414511
2.53954366
8.104243808
11.60387631
11.9007894
6.534463476
0.9160621
2.283628472
1.445926265
8.658597235
11.46859857
3.488082074
5.966135738
1.773341279
0
2.028943221
3.914326677
3.745373747
10.12867031
4.055016839
5.311065334
4.281697889
8.3618416
1.192782663
0
0
3.766146553
1.83604756
0
4.340794992
9.177922535
10.06072962
10.6821812
4.96366221
2.190880198
0
8.801534227
12.62468751
17.70998721
14.85937372
17.33890991
15.16949506
11.79619815
11.77164671
7.794575644
1.693630474
0
3.931822876
8.912533147
8.713303185
1.604740073
0
3.83492435
0
0
3.867231222
13.27769601
5.558094452
13.24057004
2.995391883
6.145345206
7.514969234
13.36121834
11.06618742
1.875474544
6.541519315
5.527881561
13.1219806
7.60933715
1.161857171
3.306321175
0
0
2.701620242
11.03181424
1.958623302
3.669986745
4.598100879
1.599943237
0
0.28253083
3.150197821
0
7.809092041
2.757125632
1.351168437
0
0
9.170475529
14.39765984
18.31798636
7.990039959
15.24113715
3.972501204
3.874265252
5.432031021
12.8158829
3.220683795
9.914981375
5.851337802
1.946380966
0.677178062
5.5972209
1.225195131
6.402658549
6.480682599
13.88161369
8.759890136
3.332845403
0
0.276078035
3.619527629
4.780426729
8.283638381
6.499507876
5.559930839
10.33213357
14.64472462
10.58215898
5.556197612
11.17545021
3.821309643
0.385053059
7.329056649
11.99947274
8.919520289
4.254014064
6.235319452
2.52213327
0.22474158
0.914810695
3.201214385
8.411231846
5.774379637
4.210962956
13.90140507
7.436057417
6.21961239
7.165662686
8.627972709
14.44938516
4.974412285
1.686274917
9.5116318
1.903941765
5.511485698
0.914362264
11.23011171
3.994994283
1.265174439
5.722458238
5.724842078
10.84328729
10.88001023
17.45216923
8.859056597
13.37826902
12.45882928
9.434979245
14.69472931
11.77966285
4.66204437
4.229457054
7.993036717
12.78059325
11.52320482
14.84923036
15.00135621
8.058266989
9.184541602
10.2612517
4.872605901
8.099405526
14.51801141
11.86863884
12.22408316
8.914207862
9.618880715
8.835933319
11.12202456
6.616025317
5.626736846
3.938090043
5.622007872
4.070840728
9.924259034
13.75754493
17.09821392
10.81006019
15.6565546
14.50265985
13.19021341
9.216890791
15.88619192
14.18001763
13.50517589
9.283166108
8.08647813
10.61076112
10.20325563
12.67988656
8.387771228
9.259370865
11.36502698
14.94819521
16.9783427
9.869575623
11.93322877
17.13583622
11.86854099
10.35942995
5.23672719
12.92978671
13.29573879
16.08142339
15.24120243
7.900429928
7.158975943
8.065960758
5.755261743
14.37143225
16.87716301
13.31270203
15.05536121
16.93748907
11.16723447
12.20129269
16.98317008
20.25293875
17.79870091
10.78356477
15.83608359
15.84715442
19.84115901
14.02666638
15.62187781
19.76591754
16.6064624
13.06178591
16.45267959
9.144197316
6.779766535
7.755601699
14.25983126
8.37760248
4.666320539
6.444830036
9.513410938
13.15308865
15.92604608
19.28907945
16.410998
15.58645475
10.12036153
16.81102232
13.0127593
12.51482604
11.20167611
17.53078124
19.74222576
13.7854734
16.57973409
10.34622137
6.324808432
4.766148463
6.745963611
8.513527274
12.86046791
12.25344891
8.652372302
12.81963986
10.82977695
17.49579485
12.03930046
7.724237095
10.6919331
10.50228266
10.29756849
13.70697392
9.796259857
14.27820503
15.86269289
18.35953527
13.38226172
15.65585407
10.44287543
12.2402402
16.60784741
17.54717327
15.95503198
20.15364966
22.99361165
17.03100694
14.09841235
14.77309219
14.09488022
16.67539104
19.00513517
12.90649827
10.02097039
8.647676089
14.46404495
11.03641571
12.14189313
13.01445637
15.61863363
15.61132377
11.91262049
14.72852889
17.48531753
14.81889849
14.04600667
16.73435682
16.40866535
19.34214272
17.20860578
13.78457312
14.97398005
15.70769911
18.40723851
17.73900141
15.27371875
15.99462411
18.15578387
12.6003906
13.97436066
13.12348859
10.90791619
16.53605146
16.71540329
11.78079864
15.60285695
13.04788522
9.564800991
11.42028789
13.7373359
14.17068716
10.08524411
13.74475038
10.48932446
15.75690135
11.77312705
16.46324804
19.59489998
20.48077396
17.87042496
12.06909743
13.05002658
9.961191875
9.119861485
14.42730676
10.2885659
11.0964041
15.69284431
18.86420399
15.97259449
19.39156088
15.57225767
12.57495386
17.88225263
18.69460201
15.87118843
13.31742057
10.99627793
13.48396988
15.09125067
18.88061045
16.5870776
15.99744528
13.22374937
13.61533126
14.80431446
18.00965075
20.18520193