14.34
16.56376811
19.30715215
13.98104368
13.50354362
12.06644665
14.95420646
18.62671811
17.24128038
16.87619231
18.38885125
16.46812825
14.06072023
12.03135252
14.81010353
11.67089681
13.69614871
14.96616606
17.08423829
19.40988754
20.44092232
13.73748863
17.40069183
16.59008457
14.56919983
17.93049996
14.74132719
16.74384364
13.06696776
13.49134778
10.95709164
9.817416171
9.404243548
15.03509712
16.35332555
11.95024348
13.52048727
16.99859971
14.07687122
14.81799407
17.88482533
12.69136297
15.17817439
13.33702464
17.57366464
16.34903506
16.33689786
16.83010145
14.04563229
13.96502079
12.83094441
16.49053649
13.79047562
17.66982334
16.4422662
14.39493647
10.98869504
13.26624159
15.51412815
17.24093802
12.86432442
11.82217902
15.52185488
17.93127778
14.9339901
12.07771117
16.69292364
14.75654676
17.57556081
18.67017449
17.15692198
15.79266858
15.94393684
17.51967116
13.74071558
13.17988849
12.80070316
15.46541224
15.6985156
15.86354683
14.9103273
16.32536289
11.75104133
13.98324114
12.72926203
16.85430699
15.36942592
14.89353901
17.01989818
13.32671919
13.53083353
15.35909271
17.50105433
19.11969074
18.84911999
19.31726347
16.09651855
12.11457675
13.72509389
16.430555
16.17599193
12.28933214
16.9172542
13.10162761
14.85122396
14.41359722
14.00828212
14.9237814
17.55167335
12.09921037
13.96207381
10.73341965
11.85063465
16.01411104
16.85965894
16.98948899
16.96642455
15.20334337
16.78422708
12.99999199
11.41548922
13.87253541
12.33552571
9.648868363
15.56720942
12.71671046
14.71473614
15.60815239
12.988947
13.47269494
14.68016292
13.65149837
15.32466587
13.98323682
14.36520074
12.77644569
15.71432407
15.91016181
17.46010379
19.24149863
13.30703004
14.33463649
17.97661473
17.39321317
13.63263775
15.64362794
18.83566352
18.14773621
14.62458953
15.15195936
11.99169107
14.53340688
14.50591872
16.34673796
16.95937682
13.97871977
15.52140653
15.29377115
15.90545072
14.93430745
15.09539329
14.50253932
11.09224921
14.53515893
16.03209076
17.36385367
17.83951561
15.44993233
15.59109172
16.93243903
12.25178396
12.15769502
15.84194329
13.14507087
15.44827731
16.68826642
13.54345616
11.36710472
14.68374737
13.33762157
10.76580576
15.56788134
12.04709766
10.6452482
9.48495757
12.94169803
10.36809078
16.10405772
18.49390209
15.11799038
13.40925491
12.91215138
11.27154784
15.24604123
12.88734506
13.40773435
13.12035133
10.91882412
10.92911886
10.85767662
11.68187692
14.52773954
12.41062472
16.04219604
13.96427701
16.53103564
18.24217343
15.0779218
15.25703732
17.54593665
15.05162831
15.58039468
15.57642315
12.26811942
10.09140841
11.75440164
13.15393658
13.29685441
14.06287092
12.29298498
12.18970081
10.70231452
11.43294696
16.09803736
16.02339625
13.18513896
15.64538487
15.08133284
11.03512901
11.20011971
9.393098629
12.05661062
10.8612885
9.354009852
15.02724783
12.21937333
13.68966231
16.65561213
16.01619105
17.31459507
15.55068448
15.87925691
13.06618475
15.60935017
17.2307501
16.31791687
15.28125004
12.75957625
14.49276028
16.35038922
11.37965774
12.66608681
15.76074414
16.1080581
13.95413427
16.13331886
16.74483498
15.12668651
11.07454247
15.61226241
13.48053944
11.00674438
10.75554807
9.137194637
10.81925816
9.361541804
8.746109092
10.63251905
11.33962551
15.71291753
12.15325047
13.02914572
14.75083759
12.59693886
10.54833334
8.615864878
12.8243161
9.773066624
13.58774529
11.7346873
14.18531722
14.20082443
11.55351232
16.0395126
17.26355199
16.98040098
15.85872719
11.01826949
12.15333436
10.97573614
11.84404411
9.909239463
10.10317189
13.54897196
15.90878258
14.66583019
15.57895502
12.30182964
13.72574239
10.72932574
14.63441714
13.6744993
12.40724308
13.80701942
14.31127347
10.141943
11.1833874
14.26476654
13.6092005
12.25174718
9.239687847
9.264534831
9.628063201
10.92110832
13.64961362
10.83919475
11.5261103
12.58963599
11.08659679
10.95076471
14.60997549
10.81960217
11.80901403
13.78663289
12.73577467
15.36834216
15.09208536
14.5351667
16.87148058
15.8173751
11.23001842
6.911867136
14.2436341
7.817187007
5.67163811
5.52766802
5.891301113
6.0308542
11.19287801
8.869206059
8.639163863
15.39484078
12.21746148
14.58259099
14.25029878
10.61711718
10.73018022
10.33620084
10.14973984
6.904507777
8.045118412
7.747943573
12.7294087
17.18929677
18.15691586
15.39401747
9.335384318
13.00616488
14.09161973
17.58333679
9.782434956
9.575666679
5.56380461
9.001149201
5.746723541
8.62952819
6.559569852
5.473675115
7.954746021
5.827368342
11.90321262
14.10515377
12.0811905
6.990669814
11.83392156
13.52406064
9.655418163
12.83202003
7.40653987
7.763979438
9.218876899
8.844778372
12.49703967
13.58133963
8.152593804
10.67804383
9.225224557
6.221456855
4.095006506
6.687804861
3.845358222
11.03736833
14.79105557
7.206459482
5.128607426
8.718604056
6.071440484
3.981001435
5.170124032
6.310520269
11.67535613
11.50773326
7.836952502
5.645133063
9.403124464
7.040928286
13.23030411
9.594798557
6.980692561
14.04414601
8.051140617
10.11455171
10.20125031
12.5116825
9.979509398
12.50422779
9.407638789
14.52687484
13.38220684
10.60675145
6.390037053
6.144188129
12.2333409
10.07746999
5.361843964
3.171535594
2.017591729
5.429434226
12.82499494
14.15886467
10.78987772
11.22399309
10.63081082
9.282841776
9.906344456
5.473594234
3.614597047
6.31717028
11.35593992
11.47314895
6.721293119
6.68917719
6.120552873
11.53282951
15.95437028
14.52079346
15.98091678
13.5314416
15.1133385
11.51771544
8.704509664
6.435451869
10.4890465
7.490165056
7.648420358
6.183769818
6.219804478
7.861232421
4.620405083
5.985173481
3.936195036
12.3297146
11.57810268
6.254398894
11.86993429
13.11863947
14.61616476
10.99293014
7.957250631
8.867546756
8.157542348
4.160620066
6.402812091
5.37775539
6.800898754
11.0939879
8.963341221
7.312232128
7.819746676
4.763307768
9.691502232
12.72130367
13.54502721
14.10185839
7.25433565
6.573009128
5.957094131
2.864943544
4.726677527
7.673067683
4.322114596
5.639779779
10.0996958
5.310393936
12.44917298
6.271817412
2.926607975
10.12229093
4.403704995
5.920543468
12.96497587
10.33904208
11.19373297
11.21245067
6.751907561
4.125671578
8.679942757
14.37565061
10.42431883
5.282955706
9.224213316
13.03167428
7.748959881
5.535586272
12.98215397
7.364810108
4.902718207
6.184384425
6.62643823
4.734969803
10.0433098
10.25902371
11.28846285
8.531324258
5.703934318
5.306962103
4.494627242
8.190485052
11.54937274
5.96100511
11.14599006
8.613658406
10.64113415
12.0297945
11.32752231
13.0071627
13.14040247
8.265601132
5.906006405
6.021980703
7.418625704
9.031646471
5.89503614
3.476095876
9.210554761
11.12229726
7.632488931
6.255202337
10.99439334
5.745782411
9.822483256
9.136395862
8.686758471
9.684144559
7.079416155
8.924002159
8.655318567
9.488996362
9.036528356
4.318058622
6.232081332
6.466095643
4.809694775
5.063093283
7.461006642
3.770354962
8.491637286
8.149123701
9.584144812
4.539572793
2.824364621
8.525865034
7.479594671
9.333860858
5.573272146
8.597047508
5.165036351
3.803181673
4.493575832
4.928159737
6.275068116
8.5695281
7.847236345
5.233166176
8.575016992
4.645656327
4.430358308
6.946813676
3.064045975
3.17923486
6.785209802
6.132878747
7.752672728
9.922449296
8.671657284
10.59757326
10.9117108
11.98242926
7.259194193
5.425817791
5.449478705
7.278398765
9.932912764
8.964457654
5.931120247
9.642889235
8.084358088
6.715483396
8.361251836
9.592140668
11.28544226
11.18813329
7.33454474
9.453099961
6.03320489
2.853749043
1.75837541
8.275917443
8.445312647
9.858059852
7.663675363
4.601503203
6.890562744
11.25349593
4.102812017
2.030465627
0.807578178
6.762533146
3.355297951
5.764004587
4.032189129
0
6.525251514
10.02289465
12.56430673
9.321710591
9.848906771
1.444423357
0
5.055551503
6.187587467
7.863012736
5.477378165
0.792913204
0
0
2.139087728
0
4.550566439
9.629544147
12.88021134
2.761310296
4.889746611
9.201897175
6.632742905
10.67080865
11.51809044
7.102399687
5.415595827
6.634696702
1.493350564
5.087738228
10.17881796
1.301238181
4.747042669
0
0
5.788001499
0
0
7.648395084
0.658688472
0
8.320642062
9.995373029
11.68468863
12.9828857
13.94009871
4.035217782
4.817933934
1.819216421
2.60527359
3.961551908
4.040550693
0.273838206
0.913332619
3.248410723
0
5.81893032
6.705049139
2.571462049
0
2.699833715
6.920937236
8.131382919
6.681032358
1.042806245
7.14626037
4.220871169
2.411231195
0.933962866
2.402874101
9.399332545
9.984021137
0.950492926
0
4.488394852
5.448815887
8.35311289
0.424649868
0
6.281483891
9.252659116
5.05343273
3.147713581
1.03067817
0
0.97518282
0
6.27433569
2.629217618
2.125956666
2.661478426
8.540548999
15.19802289
8.559823152
13.79880388
11.82379821
5.042405103
9.087845358
7.430974833
9.267251948
8.82545623
2.544667059
12.4297455
6.229581323
10.42195768
8.840401279
4.343357118
3.543979623
0
0
0
6.983741768
14.3779408
3.338731521
8.294174809
5.837618652
12.33969259
17.57633942
19.60667664
19.28841482
8.61260583
1.655500263
6.725750141
6.734464725
10.89087592
7.69481433
8.553640101
10.46017766
15.01285311
10.91995779
17.0406671
15.53829903
10.60630524
1.453005264
0
4.752112968
12.87566706
11.79768588
9.165780228
6.980158919
10.61283077
9.697682143
7.950553595
15.00651509
17.83211982
17.1252114
15.1710318
6.333780627
12.47658907
10.35944417
9.255342273
5.175315276
10.18865965
1.5600441
2.543370122
10.40933685
13.82402303
18.21099934
20.8841472
22.16354584
18.39468222
10.01892913
10.98353961
14.22006159
14.36363547
12.21850389
17.93889697
20.36263318
13.37420702
17.62448158
9.058409473
10.2337974
14.38083287
17.55307994
16.37890645
9.061434955
8.50911237
11.56601891
2.518539818
11.40404746
10.248597
13.6192218
12.2300907
11.01149537
9.184682324
13.96284342
15.72932935
19.71528269
21.21885125
22.99218418
10.08263491
11.97717239
18.10443917
11.18539516
15.47987374
18.10566177
12.18856664
15.90240895
5.464739517
7.883118199
15.56778534
17.77228479
9.241105934
14.59127851
20.33357684
15.60353534
10.54612082
5.943054405
13.79400176
7.61525934
14.87122972
16.18380566
7.986795661
8.678120263
7.766675144
13.96082415
12.83180772
16.34079487
16.11926576
12.38493861
8.180542914
10.63224981
8.908382832
11.39482574
7.932302621
10.54366056
12.64945563
6.758260764
7.018566462
10.79473913
6.61241424
14.1050696
15.76889771
14.20510322
7.991683476
9.01353006
5.232146662
12.12093762
12.52209111
6.415740142
5.383172136
9.868786311
15.30807467
10.01710777
15.15612137
8.889592707
10.22956916
14.45828811
17.53532782
12.97356793
15.45931773
12.22328079
9.095633809
12.37820243
9.343603637
8.206814055
9.012285267
8.512725649
5.217162347
3.590479766
12.10292861
13.96720056
17.08409815
14.43068482
14.43486668
15.15494573
16.25707185
19.55325344
11.02551914
8.246749432
8.769784922
14.33262012
18.60446318
20.54827719
19.27500224
14.27941953
12.90923941
16.04913743
19.61286253
13.9198297
13.35536487
15.52721268
14.35903521
10.35477036
12.79754547
10.83647218
15.07138645
13.12947844
17.84255734
12.99481012
11.00598313
15.2252319
18.89355069
13.95510106
17.53495683
9.972658374
14.84359109
14.17266974
12.53442571
13.42340172
18.82163993
13.98163671
11.75576252
9.402270084
6.394936097
13.10442762
18.20869578
12.51043279
15.67641649
15.260317
17.15427333
20.3979465
13.34867099
16.4951885
13.02415055
14.09982246
15.72855935
11.0963036
8.274693505
16.37092538
11.19117175
17.10406799
16.16821145
14.50463693
12.81017902
18.591486
16.42055854
12.81590797
9.031810494
16.03982843
12.18292677
17.74797556
20.26282472
15.99925088
10.10913375
7.565746843
8.09627192
10.85276152
11.28514701
14.10684963
9.657514338
8.587345768
5.94271313
4.783170865
11.24403319
8.160305651
14.83160928
12.31100538
16.28641417
11.08949241
13.5480984
17.26350353
17.23023569
19.43889596
19.39657183
17.46084523
15.28641408
17.75718943
14.75884935
11.40447875
15.19492689
18.11283445
13.84734793
10.69759174
10.44341439
12.35298559
11.43116359
13.9530994
14.77689303
14.42869358
18.49202426
14.03771012
12.37295709
11.57739993
11.69059296
13.78710125
15.87938516
17.35074725
15.9283932
13.22628469
14.51665791
18.22415285
15.08271478
14.20821957
15.62015745
17.44493182
13.03790298
11.84560234
9.717166457
8.149814624
6.970560856
6.263916994
11.28946524
12.12653668
13.38023573
16.27004999
14.4648862
12.54092492
13.82385812
11.78058728
17.50823022
19.25151058
14.62658431
10.75756061
8.529427352
11.5960055
10.50589637
15.85948761
17.31631392
12.6287535
15.88738111
15.52017701
13.92566848
11.67634378
9.961440527
13.38488495
17.34062426
15.49753563