15.18
17.34983153
16.0010763
14.49288869
12.62674089
12.28246351
16.71568979
12.31148897
13.59230843
15.64635597
16.13223678
17.63530151
13.38432022
13.92967372
16.18251453
17.69322319
19.11255489
13.58955404
17.67336518
16.09442081
13.46357947
17.37056113
16.58907091
18.79542207
16.94161535
13.6866605
12.39153874
12.49442116
10.78752542
10.65201735
10.71868605
14.22377187
16.47279698
12.53012062
17.48967892
18.74627548
16.42506638
18.79031838
13.80606441
13.46971519
12.52660794
16.49041705
13.92701001
17.4667089
16.09691101
12.4634062
17.26129625
14.59908576
12.89795034
13.92281714
13.24939356
13.53998377
10.8895112
11.22856646
16.08371668
11.55664381
13.43960696
10.94459839
12.87523033
14.6878579
12.16381878
10.07682693
11.16093819
13.35252615
17.16836076
12.93610086
15.6698358
11.27797813
10.53025341
16.17043031
16.84200427
13.55393786
12.17682754
12.82499623
10.11297543
9.633377228
9.942093098
13.83819401
10.58742702
13.73375622
11.11594077
14.59889689
15.31930454
15.97884441
13.1247945
13.96687745
11.04131354
12.87199687
11.74449483
15.41614021
18.10779632
12.9786315
16.50911615
16.88953586
12.97807972
11.63837598
15.07690323
17.57618117
12.29464341
10.16602586
11.31271298
14.47781283
16.95712327
17.26057752
13.16864762
16.98273328
14.13409772
17.30173098
17.08911355
11.97913427
10.64177247
15.5270185
14.72019812
12.84950396
11.32595814
14.90161358
15.36968117
11.26771478
16.01632148
14.49681996
16.76293446
16.24616098
16.66755369
16.61377686
18.54215936
18.53474398
12.92410168
12.9725082
10.80058552
14.23227381
13.61590062
14.15276367
12.11793235
13.08302638
11.59188826
14.45503659
17.21319116
11.593005
13.58266652
16.47902403
15.16611642
11.59740664
14.04081647
12.09791158
12.2144738
12.32915609
14.37264189
13.63614383
13.81968383
11.73467395
12.86120123
16.25749323
14.50762894
12.1188229
14.91091799
11.83503717
10.25616297
12.81305753
17.52358863
17.47204857
16.22454168
16.33481691
15.00931215
17.74417549
19.51943764
15.37679162
16.58147692
18.65263372
13.34207459
14.41849716
16.8662852
14.08055769
11.6978559
16.79360386
15.60685954
16.10930273
15.02232174
16.28364737
15.0840226
12.42934142
16.19272956
14.31736934
12.38606918
16.3768868
14.09515271
10.99249692
9.914216962
10.61122595
11.68972477
11.2792865
10.66292051
14.84963505
12.36558391
10.11153689
9.52937895
9.356618598
12.86568452
12.10279426
13.42928559
13.11791425
15.92061411
11.56369203
12.89562587
12.80405653
11.46819778
13.98581465
15.74814672
13.89531756
11.82570823
10.52571265
15.9965704
16.5475253
14.33097839
17.12451679
12.97512906
10.7342267
13.0155163
14.24257787
11.94844592
16.14223338
16.51720554
18.52600485
15.91149687
16.6741593
13.1099134
16.12804671
17.87509771
14.57702106
17.70546127
17.41988665
17.36024972
16.308254
14.49641136
11.44213879
9.733608739
11.08858877
13.93518094
11.45421719
10.83856023
14.72704637
11.31890007
10.60396121
15.9566566
13.08688368
9.944204237
10.34307531
10.28302561
12.97030912
13.93552776
15.54481718
15.91764848
15.91882902
14.46431054
11.05251989
10.48573004
13.68463163
14.36270555
15.63915795
13.15155238
14.61428938
10.9145344
14.73949104
10.59086386
13.94224333
15.33002991
14.53807657
15.20347049
13.32330154
14.5393526
15.03943744
15.3128508
16.42422921
11.57858289
14.85864313
15.5760699
15.58459531
13.36302143
10.28423176
15.01916596
12.40283195
15.89716622
11.97561401
10.05289389
9.178770827
14.33300924
14.54082566
14.34045456
10.60062026
12.98270311
15.33494684
17.17243835
11.69955141
15.14949424
15.9384611
10.95573526
12.02852213
11.32643588
12.96664122
11.56593307
12.26616951
15.84819318
15.90039953
16.34498525
15.37620492
12.67166008
9.60205941
13.68194083
15.16257044
11.04477749
14.19336166
10.33544523
14.45146623
13.72459223
13.41652018
14.90446672
10.71704712
9.110046734
9.432712625
8.122658735
12.79757293
16.09625704
12.22732391
9.672088748
8.452533456
7.574517536
10.20743676
13.7299243
13.82421087
14.56841892
14.85768931
14.09554245
7.561693481
14.29672173
18.07097392
9.835543614
9.983955023
6.550913372
8.482664692
4.921764729
9.739153256
11.50516343
14.19445773
9.213769287
10.39206987
12.17756612
8.120696936
5.989106795
8.469443042
13.94345701
10.11806227
11.56115663
16.72355442
9.829848044
7.817487104
7.394290071
5.575703648
4.91755044
3.763623289
4.253639973
3.796422847
11.54790563
6.937065712
9.03589472
6.202916526
13.83273776
7.10083267
10.38531006
14.03410126
14.02536817
9.554319127
10.08196041
13.99932299
7.900885695
7.534534369
4.114682185
6.171248468
14.10197905
14.03181693
16.28775298
10.48515341
5.454652452
9.344328606
8.35130212
12.94228582
6.580130046
5.124660541
10.28540234
11.01713306
6.311059788
7.066996748
10.42537017
9.643054192
13.33926484
9.540380871
13.72047769
7.400698753
13.46813708
10.32863
6.94440083
7.920641436
4.618120893
5.301558247
7.972026951
9.728776204
4.900470879
7.015080091
5.055970426
3.249671126
6.513628024
9.604467591
8.160381678
9.94237745
13.28608289
10.74940215
11.96635475
13.54984126
11.14951596
10.89881493
11.21730925
8.180773578
5.16143707
6.611858044
7.530081313
10.18572428
11.2847187
13.80316023
14.17596244
12.78162487
11.97014266
10.86376514
7.566402188
8.248058291
9.499586292
5.21949291
7.124671952
4.641013812
4.682678326
6.762239749
10.77946785
5.246320357
5.215048678
5.517287616
12.59846669
10.64020859
13.9497026
8.025378268
12.40349725
6.598355725
7.761573983
9.7604052
12.76152863
13.89492934
16.64514085
16.47741226
17.27117144
12.80591027
8.543860391
13.51010916
13.39629471
16.49947939
11.69177891
6.091733624
2.992123329
10.73133654
12.32045667
11.12942208
11.3926128
8.125810991
13.72876229
10.40175564
15.11000237
13.58856035
12.83492738
6.860695296
9.486942373
14.06366983
6.06460256
6.648565244
10.37323177
7.35121005
4.239030922
5.006883721
2.384560679
5.532781877
3.030516446
2.635993603
3.336912233
6.127013874
4.888659699
11.76792327
6.354983429
9.86114882
9.790637716
13.23632467
11.07146568
10.05162691
12.44752232
12.23924839
7.027401217
10.06156777
13.81976068
10.69523091
9.382901793
7.627842238
5.911286246
6.931962269
8.21661154
11.24369791
7.159979086
11.43318305
15.48782816
8.784329883
11.53031413
7.002429086
2.92633206
5.351499182
11.57424926
5.949457229
6.211180469
8.370295077
9.653968248
12.55635297
12.95982805
10.57657743
12.90346329
7.11689233
6.518279562
6.415491285
4.938506261
8.125392827
8.715572632
9.267062359
11.54813477
7.885310376
5.792152594
6.495506455
4.873132335
10.29515174
11.82953772
8.9663616
11.81918521
11.50008681
5.812862636
8.440330854
6.836061097
6.879868861
3.643123829
7.925151684
5.660352855
8.283541722
11.83205836
12.195331
13.29373453
7.002099302
8.024671287
5.192163191
6.068829573
5.078888613
10.13444974
10.17074364
6.052645491
7.264074624
5.618258014
7.938930373
5.723754671
9.711077636
10.17372743
8.929391563
4.196737655
7.769162306
4.090793671
9.926335916
11.71285227
8.796973211
8.999232447
7.803099976
4.120130317
5.747996318
6.732116289
7.765141137
7.853942764
9.862172363
11.71819899
7.004878111
8.757903058
4.80120585
3.860448597
7.740763995
4.188294069
5.472549733
5.043243521
4.692933301
9.850238049
8.971664073
9.148214978
5.718337275
10.14798756
9.601322395
4.124782672
8.404117091
8.991422113
7.088167691
9.694961676
6.247053748
4.322732641
1.990674951
1.325339912
7.707363705
9.091931959
9.579251477
5.884890161
9.017064126
7.064587417
5.690927361
9.384643346
5.043702444
5.28917868
5.066090087
5.917664093
2.616198527
1.631037563
4.54727092
9.56555474
3.846998055
4.369868263
4.809944036
8.883150846
0.12820336
0.078917297
0
0
4.400107791
9.13684675
2.97811484
7.091177047
9.829318947
8.801277992
9.323735666
6.190764779
10.86407192
9.155165104
2.326673736
2.523187675
0
1.578532289
0
0
2.031261072
4.184109889
9.829549512
3.361967435
8.098435272
10.11091597
10.80127341
2.475913392
5.024654065
6.132022875
7.129068952
3.32024479
1.165605016
2.003113594
6.546387519
11.61639752
7.210436165
8.032039573
0
0
7.633885536
0.241793281
6.190827024
7.39190117
6.982417448
4.131379246
0
0
0
0
3.056965107
9.039584191
2.082460599
0.623265569
0.780474478
0.614559625
0
0
0
6.584673371
9.58404433
7.504906021
3.912917699
3.718557908
8.100480373
5.571912584
3.838768429
6.882284223
1.795349781
5.687493309
10.02021197
1.271550509
0
7.953808065
3.247988585
0
0
0
0
0.005533619
7.539622366
7.095487751
5.423082064
4.545608389
7.52038079
12.68256056
16.28988378
5.31721038
0
9.569376153
8.632250922
14.20676296
11.46364348
4.919948069
0
0.251643456
7.095232997
2.150841517
6.85897321
10.65923749
9.51081334
7.793897917
13.74460316
16.1335152
7.852661144
12.53461631
9.147288665
14.99633601
13.81680843
13.35450563
10.88349305
1.92613353
0
6.492809009
5.338483566
3.929373315
6.848462505
5.058928201
3.94608856
6.386267661
9.761829311
9.331953423
15.65255368
19.37728488
8.00604705
0.998053773
3.331785507
12.24362974
16.05592775
17.61851727
9.530975074
9.055131289
5.785503443
6.141324484
8.099246858
7.56413266
1.075364614
4.642592111
8.633591951
15.24227973
7.624267398
1.175719543
9.540295429
3.337822892
12.16062009
15.44968966
10.68434943
10.23074794
11.44038494
2.37784753
3.458257608
6.602920761
1.124124329
4.435590429
3.677346371
1.863501406
8.883575952
10.41367887
5.028103651
11.08990529
2.534379199
2.288254786
3.286970012
12.28297291
2.906577557
8.278592011
3.026702776
9.803336616
13.11202109
3.250132986
1.983781299
6.259954588
12.05818472
4.797823719
6.511572924
9.983968066
7.220258105
14.20766086
7.576135532
1.808381335
7.982581345
11.28142538
15.75560218
10.97179586
5.07359669
14.20435931
12.38202727
6.627653784
3.876905431
4.739952884
8.562002617
6.789174352
13.35053537
18.46033433
15.94025739
20.34939621
17.61494428
19.04018945
13.11956406
17.46851464
16.13766738
20.8635566
17.1833943
6.945413606
12.34005131
14.11973137
17.15903125
20.23326623
17.26813401
7.732277502
2.502359547
6.425038528
15.54172146
19.03292156
20.12764489
14.99185932
8.287341566
10.79750599
7.368209866
11.98469146
13.63599434
15.70232609
9.91167142
14.21060926
14.17618493
17.33132612
14.69561031
15.17407908
14.85527231
8.959299498
12.73066093
13.81643903
6.912678866
13.65694329
10.94191628
11.84207459
16.19319
16.7660477
9.586055831
13.0195076
16.84750363
12.33913145
17.43514848
17.11381992
11.09023676
9.516478366
4.581770706
6.86751229
10.78142136
16.26638546
14.7502273
15.11286968
19.05422527
15.18780645
12.42335688
17.62421737
11.50533429
8.010111196
14.37453087
12.04783933
16.55698673
19.08734827
14.59120562
12.44105528
13.53284413
8.159560535
8.936242868
14.98493442
12.0227894
7.647673887
12.35279707
10.19607401
9.763125651
5.91857801
12.07766498
12.21881417
13.48038776
8.081600868
8.845582764
10.80609437
9.175054987
11.59040321
10.54549299
11.29084912
12.75719301
14.49104782
8.406523178
7.632658806
6.648504854
13.86372974
9.298109035
13.66516058
8.398700293
5.835458294
4.597614056
14.13485819
17.59722598
13.83740952
7.745012348
11.52861912
10.7480926
17.59878398
10.37464299
12.49800665
17.85266877
12.2876963
9.207342733
6.515564886
7.776811222
5.878804427
5.219400892
14.46952976
10.39814274
9.632314018
14.84488935
13.77168252
11.56873247
9.808112986
8.518251648
15.44070745
18.90142901
20.51504673
22.43070273
15.25929736
15.88335185
17.36991079
17.70840877
12.74441379
13.38012486
18.29783447
20.23191729
15.30568467
15.616072
12.51618603
13.21624883
18.05174145
11.51389031
10.49740856
10.20306951
8.304073029
15.96825121
20.18946712
14.14477187
19.48067201
11.33864714
15.79002036
18.06441713
16.03373397
11.33845018
13.15107048
14.56914768
11.09249852
14.64648963
10.99242738
14.80482225
14.29326304
14.12587949
15.7327617
14.22078899
11.22094302
10.62365898
11.6380915
11.03786526
12.05722894
14.73547334
17.1491078
12.2618598
9.929837987
8.43044624
6.758994833
9.94507383
13.94668905
14.9418594
14.42068439
17.24357795
13.98413196
17.3770701
16.6295103
17.29555951
18.89571448
12.41726937
16.03225384
15.92983933
13.66771808
17.32285427
18.20506609
15.94999479
12.72026978
13.3895244
10.32234137
11.25953547
10.79794865
11.26903039
15.41942227
12.51825478
13.72061538
11.19146255
8.792699912
9.910451727
14.23049804
11.86278961
9.108214758
15.16223306
18.49268874
14.53701858
17.29982112
12.68848339
16.51579993
16.00793872
12.65674557
14.15186689
18.3215241
20.56019315
21.50385125
17.33789414
18.66532185
20.09582459
18.93028584
13.72813993
14.85666613
12.46173344
12.60573796
10.76147287