14.596618247786607
14.670814804165621
12.545239106637975
12.196028249466503
16.492666301312585
12.55697085434981
11.252011882483707
11.17078769474426
12.07399322559795
14.666102615578199
13.179574399851367
14.23554460943922
16.75451196988652
12.474583090761096
14.385742081314461
15.441927607033797
15.602715148257696
15.053659803211863
15.75731113214518
16.713247895493062
13.800473328296816
14.393730438029639
11.93555450047623
14.334248562110105
13.099756543139023
17.153424506303082
12.43321409176594
16.319788755093622
14.22966322940494
15.491573197104044
15.063587184213548
15.41307186335397
14.739765856084942
17.41169577414956
13.26143931076441
16.2356524271262
14.029917086848577
11.685815104525018
10.436091104057043
12.67296933141465
15.621907503184273
14.762883388817029
12.004640356338406
15.626294048368885
11.939324611830045
12.81688233918924
12.296614398520235
15.975481346986601
12.312403038441396
14.277598960533725
16.433243543855937
16.176612919102176
13.365886355446609
15.417418714313104
12.491227419287908
15.235724759603585
11.723101562614682
14.358230811239155
11.069509329833476
13.59607803255727
16.44943538780537
13.252533671677353
11.512005198519189
14.55380623716345
14.735274356998723
17.159624281664673
16.882385089458573
15.546903370778626
13.636089040277154
15.189747887098981
14.079203303464878
14.21558131952278
11.767180864656442
10.94643339016905
15.786526072761694
16.388980852601772
12.318358153733174
14.388301721229494
16.592993883379947
14.274503787030273
16.603776254023472
14.606940817691514
16.26264868216445
15.669046392433922
15.485572024121149
16.41311565792347
13.160451071873107
12.747050291305435
11.227003020380149
12.34351852373074
14.289448004339944
13.011934635240555
14.43198729025221
16.302986164283165
12.0311829553194
13.954949036145129
16.41659020121403
16.094960553180304
13.199273661142838
13.069028790205817
12.13764658439038
9.726808558060181
11.143723565727717
12.134858459199998
11.533750297005245
11.682406860551113
9.718274304344568
12.260679480636146
11.831511017230234
12.722782571742782
12.412796301115591
15.777350530193159
14.679186081774517
12.116549692630425
15.21966584020097
14.21847457026136
11.367489669650999
10.640944435525418
14.57103533637211
10.74605735510964
10.626191436640982
15.475188380378484
12.231415415188025
12.080597121839624
10.38987041083126
8.798080701404896
14.58817480927887
13.689031073924246
12.954001631659892
11.154574696705724
13.833712573260303
13.799532969043671
12.03048548412984
10.481364084626204
12.189181281438831
14.214035026018589
14.036639736285522
14.61445457474757
14.910436106321193
12.16646185053538
15.328842341257486
12.18511309737676
12.712304840879298
16.579445423722788
12.938256080899599
10.878515349542482
10.407490557020893
15.114924883446383
12.349453916522508
16.764785465114638
16.53400904807068
16.49271676931935
15.069531085321444
12.672101371049969
14.651208327013357
15.332597046673929
17.465838232290924
13.628860981600551
15.874656854158118
12.219987576813253
11.74485025222544
10.075957286678983
10.36711294620108
12.2059196764258
13.361936631602964
16.16068638393233
16.588709281208622
12.904942378615408
16.675837638702976
14.453748343874905
13.91919204969457
13.493715797019764
13.645041652597406
10.63959920936701
14.827109369989234
15.303833006770063
13.039148010924217
10.828401780907601
14.68467205558714
11.30610930307358
16.071863411919267
16.527035282854467
13.25652989911544
11.890943591101388
12.714985948782159
13.854968827763578
14.395999998212824
11.89795381591626
10.525136339432445
10.934055214444944
14.558128237899176
12.813742802175094
14.41098211835391
14.876041248867363
12.344823764761554
13.213675945635986
11.38061758639509
10.479884658465634
14.152020814556337
16.871644372740096
15.674172422328226
16.829560179953774
12.9258442534714
16.339364141767206
15.363097835338536
15.55057923741569
17.41499045132759
12.804541898422833
16.18929309305238
15.532890449834216
16.047758372342653
14.791802081350404
13.993018242469585
14.447435072775392
12.634082957771612
10.407099978214424
10.730830310196595
9.593522249515512
12.496345382966942
10.839136231022412
10.071243967938639
10.669787901956449
15.225072194805325
11.000974028082247
15.20650267577697
16.016779926323743
16.474799510211557
11.605280372359
14.943635624004084
13.864932011386973
13.989461407353005
14.826660922142295
11.450298039661321
15.616741654666008
17.407763741764946
16.814190515803332
15.757941621027285
17.03281587484277
16.356596303336115
12.941680891019605
14.097528484643107
12.243070289320976
12.255786722665686
13.97625778249309
13.485949906091202
16.325647911669737
15.571595221190591
16.308849284269723
12.818869976439437
9.693058699493982
10.83718479056003
14.015525678497621
12.606281278020848
10.220591540525028
14.866895389835914
13.206544668273462
13.169357906995259
11.61694163956743
14.414629022995179
12.71544927806978
10.205370384622617
13.135779786592803
13.2191907660167
16.034794255787492
14.011482959180807
16.282039004224487
13.70070728668038
14.278241366875926
12.652536588226575
14.758041151310643
13.304799286732328
12.16282979705305
14.737763233218896
11.157109597899113
10.458334208352806
12.621336014128477
12.523470365929494
12.546555055805467
14.280661819353845
12.676189282893809
11.14189724550458
11.231239183516248
12.13065527858804
14.364929531434491
13.364993458675084
15.471943669960346
15.020453480449573
16.22563793945986
17.057799422921885
14.213722066931933
15.74862027897169
15.787207693803872
15.60045198792858
13.65512550527151
15.49678608979579
14.136442205084673
11.641078728366628
13.053043674599436
13.967323965677483
14.142387870463043
10.62174513103289
10.741540071820033
9.854306122516418
8.680211965097756
11.836505433570586
15.127899446926625
12.576286467265753
12.77053990278592
15.897534812581174
11.545404037123063
14.038959632678923
12.150424102584022
11.49112481281805
11.051429750316395
12.788901006026478
11.514902616840661
11.039345813871018
13.818940703192682
13.106261063536584
11.40338366691566
11.678609099389025
10.785697986198572
10.40217643763891
12.422706431751372
15.31221544679033
14.047301040807845
11.715137658964196
10.598690337297374
13.467965754072555
13.743860265619073
9.610345981852035
10.094992971263359
11.898997992026837
16.27014797634218
9.40496483420702
6.633348075148509
8.996879913277223
6.035887098368217
12.153585397584855
8.425212044848132
14.733573510639214
14.632930280057657
12.76366710361772
7.030461187425048
5.840274620263296
3.8255765527996255
10.646441692379568
8.019445909524723
13.268607842478616
9.998379379230297
6.406008351558475
4.999402215108038
9.143608952069668
10.74959401789997
14.13276057696136
10.59071802132889
12.737161209587644
7.469766705432782
5.770869551785507
11.212124517668574
10.247804444535685
13.671826937793242
7.526649051530821
8.18745736047043
4.82538037615756
4.023822790678455
4.3902531267665905
11.195021478731258
10.293729475413318
6.182066804770319
6.482809097932405
12.960286112379354
6.780839983484808
11.46671029835526
9.786504041520173
7.874598133790458
7.985108735681987
13.880972608250836
11.300194207319716
9.821087646293273
5.875319085071183
10.08004192554339
6.5847213970739755
12.993244732216045
14.24981973164159
11.342185079525832
11.236406907947718
7.657891457347125
6.162494182682659
6.74544220701851
8.698340394495851
6.480867997722122
9.182586962871312
14.135613639495407
7.618710492437712
5.299685459066417
9.974309052117228
7.87954513234665
5.182807336457648
6.774052054002604
5.91557424679422
7.667144252568722
13.63312462636194
9.049153842214388
5.918936467830369
3.8982551742076694
3.146796144453501
9.278604261536056
14.142919077379815
8.896413872175104
6.598426815460689
10.673145289102354
13.36828418043255
10.444752897666191
8.810946178687004
7.512487048054309
13.313788389419575
12.692672912323342
12.118570512452509
7.126016966307404
10.883449884158193
14.352985660822426
7.615522219721505
5.506496676831629
12.487885575297494
7.404781486906533
6.471268473039754
7.380812174211613
6.341343726638969
8.42363783853973
6.2528053107832395
5.2352041324742995
4.395376204682119
12.102869874192415
11.166806134768095
5.82226589312423
11.759733993002543
11.101015401284286
12.518120000235882
14.206786828599935
14.193094159639557
9.939859492688495
9.871472690259377
10.034010228851589
12.007654989598375
14.13077029580251
15.711381439009447
11.619402194048849
14.040182766551034
13.426268204215312
14.977783589849818
12.792076028338203
10.259805771241332
14.039223086092804
16.111723996803867
13.740776198820411
8.308237887657413
7.652113150558369
6.8683913473691405
11.882567979022788
11.243786242405756
6.535202872682145
6.486137376000929
9.286944211218183
12.266880534669816
11.791398444089118
11.994542828468987
11.774571582662844
8.85687338382431
6.631522382634581
10.243104038614526
11.232901345715712
9.930442958862184
14.229328159494461
7.84948305932782
9.729068551576086
12.528348506899363
11.473885577422724
6.4928619950617055
6.633906401805316
8.000580194930723
3.926665052219165
2.2249551979312585
5.84878058655717
9.068698630946578
7.6814945008425415
7.804070287470269
8.252281714873288
12.568362157637786
5.684965191425987
10.475565995473584
6.311096192418731
11.628585184359363
5.060015120546045
3.2218241922759354
3.7579824912851274
7.40164636096624
10.625518183838551
6.099729630140791
12.475507063803054
10.683903291630426
11.742657939955095
12.979908636404875
12.884658021046231
6.686323963924398
7.521599436270111
9.57272302860076
4.464539476948279
9.485980682603888
13.07966326642595
13.758382539464513
10.398007177133678
8.783932965320396
4.871142530463043
5.951634640793486
10.726772969941866
6.393466044170271
8.104334617085172
5.863417046815209
9.401959474332909
7.04038528604085
8.323074109032643
7.742215277542073
9.473033668723083
8.049812823671099
7.665144429638507
11.09558384283244
9.430951959955566
8.216603059634643
11.21608931938564
11.351288078943028
11.763657114535944
5.968335210393313
10.159264221733388
6.306426526645151
9.983518742759967
11.063422353520671
11.428991084554067
8.249481879674308
4.497755802563841
2.713441571671737
3.8076672104017497
6.909413772054991
6.803378255832284
7.8603174995639336
7.195835872019261
7.945881689562857
9.064474431493364
5.924423212658092
5.788240873674475
4.18283253169041
8.287965828007605
6.463978189709457
3.345715422982935
6.01108569456666
9.90983086775962
7.263495344672504
8.948291050388123
10.598684370891492
7.308520908548983
7.767479418516412
6.406273075480247
5.830588346383477
6.611496307447114
7.810459851788613
7.860159620800175
9.857077336258826
10.386018712698085
5.523814451120809
7.3112303669530405
9.516175190654936
8.439355135724382
7.024171191407548
4.511965918243382
7.645134877635508
10.41033493513681
5.595936284793405
6.004548785404781
9.471688577470495
9.789264131993427
10.571032556422043
8.899367459245918
7.308271213821543
7.662664560363067
8.760104629500592
7.4467216939364365
5.19626449152968
7.40786482215656
8.09650000000461
10.135706116286054
9.869821414624079
5.849604366422262
3.8676084801982036
6.411158972145383
3.0470681102291666
2.14758503953201
6.09851277084012
8.835504752831062
10.834431457524168
7.39711399072276
5.076695373132731
3.436267132516055
7.3730915277506615
6.796263042217619
5.136194488205991
3.9188338855032137
2.597410452988475
1.0855726569123125
0.665877746201545
4.304603543018654
8.384761020472595
5.3746416906014876
5.071482237462268
4.926867242199956
2.1372698205271163
0.745750420846274
7.069304316820736
2.9324098626486057
7.966294462427367
4.32276550126355
6.989903527213023
5.522626947306314
7.4993730800354435
3.436761981118642
0
0
0
0
0
0
1.2509531913557517
0
0
5.452404086437661
0
2.9185475778386287
4.369928879273177
0.27329658751587615
2.5023136043603786
7.9847768151536584
10.31587350863223
6.933291568186909
0.3797055735196544
1.7866974931709834
3.7758997330983775
0
0
0
5.334818150723228
8.92771717047301
11.957494631579792
11.876088895672348
12.45562078298886
7.152632780694306
8.236045918120555
6.259325835905168
8.758524420681224
0.571820666740467
0
1.537877376754607
6.766218305453063
9.076062326670982
3.1081918535953443
0
0
0
7.21423596343025
6.670404631160432
3.6969329455100812
8.101762714343128
2.025819545204479
0
0
1.3805241210523187
6.764792924629322
3.6519988279239364
1.2586984158450765
0.7151542572616627
3.727030810602452
1.55812445165662
5.545465054323189
0
1.5656655000094624
0
6.358071465866095
9.522479118836955
11.224191730374205
12.266576135027625
5.269882289430738
1.1781810479398054
0
7.422289673127249
9.561692611028784
12.671095903729352
9.944946013884179
3.1282152436234396
8.302577690149706
4.846879686679757
1.7961133027757485
6.659787523812223
0.35128022146674454
2.4991428071416957
2.3169567960962603
4.679196043805304
6.688548717343717
9.853637601666268
8.625836786497317
7.500478593672586
9.236427030024053
6.267726790536575
8.730659803030822
2.484324478568799
8.023529419530107
2.5740330519985903
5.444009531333727
0
0
5.003102898819119
4.296401914332617
9.112040578010681
3.119495864571852
7.463685863729525
3.737618768520158
1.4668879435894944
4.109310778454795
11.1461203494879
14.026820316907324
14.098412469603598
6.613168337485698
5.289171173064103
11.241225137775535
3.792968225413486
8.105402809838594
14.399555924269107
8.158802804460972
1.1428282902280227
4.350687916989061
3.8599773423121526
8.331873177168694
2.5975333465136217
9.293249659022305
4.891942791043386
11.70761323971017
12.981396818623196
9.821255006776886
1.0481989792289825
1.9820455969874011
4.106435862694999
4.366984314095734
12.369592012173744
7.956152317638752
2.0715777358735243
0
2.878383716072574
9.894284651826908
13.496857933858447
11.289019976277228
9.385598149645023
11.929178592741435
2.2336416527246907
6.086770575058122
5.350103190573749
8.960540374690163
14.00447098166012
6.959840211418058
0
10.007464546892315
1.3197119963716002
9.84089408637036
12.483008427898048
15.533916927621927
13.632128478312232
9.087666182239222
7.7135609930004785
13.35011144149853
12.090341314526869
13.356128057263442
5.036539365239312
10.217972565544493
4.726437685411841
0.6398177066812707
0
4.365140137889388
3.607961005675728
0
6.472954809523012
0.03571908165128779
0
0.747150371567058
8.398635453548925
2.004153565345354
0
2.4230289806037626
4.024801374474877
5.629750642241369
12.55445882176147
8.872585953165736
10.167912088704464
13.084289048384525
6.227647150245335
8.782042538230138
14.87993184040597
9.423765404556576
13.17321878233713
4.391512459861794
7.6865337530135065
9.154317288421314
12.157961716932519
17.16243076543248
10.084816583241828
11.924862869209878
15.272679684092
17.503775197286018
6.727973697189519
9.548026231528473
16.027177468137854
14.622473589991504
16.54629614852213
12.859296801428929
11.792747738031837
12.567784065339906
12.109327414093652
15.57279822330898
7.8322582173790245
2.9780337108209327
8.971987898861979
12.924474725352548
13.128338588201265
16.798748724633697
8.726772209350864
7.538683461699384
14.604450424056159
9.970493430647263
12.686429166857337
13.710293417242113
11.614995446894913
14.651590139136895
6.686010038644959
8.797229985705311
11.438358105306492
7.799928890654695
7.502371918758323
5.407120722878826
12.425879062676655
10.777759173849025
9.905768128503603
11.834709518229895
6.369051070043544
12.037265159727454
11.278012578128862
13.706710941130483
10.458656543423437
5.917072859334327
5.892223654044989
10.121329595310545
14.6669045416062
16.7772119677338
14.875487296926341
13.436181631755463
10.507145514137182
14.702276836819584
9.896394647118337
11.353568846500186
13.114699533235637
7.334909521270861
12.393887688694585
6.962272216453757
11.880263670147414
9.848550816081381
5.621489846712352
4.994717729467863
7.5909452450130885
4.856191732475329
9.691290935290974
6.305927654460375
5.368862967344207
4.87461050841602
11.989182338435281
12.640870293401164
10.711409229923603
13.046150885561882
9.738290165166758
14.48598147559322
9.86293434672095
11.019338676948866
8.937870600023107
15.110248041364608
12.986515143847683
6.978430062206175
10.622263997831332
10.194582639878305
9.438681483078295
6.4462252404976885
10.50579743189094
12.578534011610124
13.265774915237259
14.841302958809504
8.320119132162311
12.341709788287968
7.776898588859805
10.130258926710159
15.415737955208543
13.261054257425549
10.49969070467772
10.126703431207028
6.8123812194456725
5.059324883681812
5.324970230004022
9.597037169938243
11.023826990898105
13.752972610589875
13.59673307724758
8.645847031627653
14.263674803745245
9.464170073650829
5.506457894752134
7.964673513846501
6.143299372547858
8.764499137852319
11.04389408976482
10.645652993310504
15.110816890783447
15.444398799722164
18.021263125148472
15.718930326125282
16.887441959328118
10.79479767829734
11.241212921259987
12.789244219576915
16.44356689352746
17.858138309549197
15.582116888022252
10.35967170233904
16.583221347853645
10.144910811240285
15.718691824031565
11.209179456400395
9.564496578096188
11.514861511949693
9.194182709702018
9.04258376396221
13.526997760987157
15.27764626240314
17.73088867876728
11.880386978318352
9.627589875937844
12.657666484904551
7.115263929280355
8.715427223747994
10.004610945076948
6.89736946955215
6.424173936408669
10.850320869667275
10.614850992136944
13.858917595672667
13.649846152381738
17.781832835343643
14.140540998275345
9.931496617704346
8.891426596116464
10.518995161770274
6.301653048902159
12.093045868032606
8.4705480171348
7.20243941407526
7.516319510442985
5.528221058610702
14.24605235575295
10.45054054829416
15.166826048938962
10.755465064774704
13.299261697134135
11.74360429074524
14.527379008026543
13.860483621334746
10.271660157741053
12.051269830494418
15.794539160549736
13.387053823480704
9.908567839007894
11.346010767297054
12.7035520983525
14.018462578695033
14.081829653783839
13.06778403511515
14.099322033808342
17.30189790398891
13.776408220097498
12.721666721649255
9.388072512106149
13.273759737141816
16.342333178368303
12.012296752921403
8.811523474152104
12.765036719596672
15.542292761970865
14.333862790936232
16.72308148663014
18.580154381713754
16.63094505711601
11.25762637846272
15.850460788142867
13.474977608540536
16.799024622889526
15.13717160209305
10.817884112554957
14.904912719713892
16.841436306202034
13.125769088251072
15.813631541910853
11.4339846212646
14.173891540782657
15.076577279385145
10.97801203169364
13.547755096665488
9.863531085689948
8.236033486791882
14.421802775518307
11.180601214560024
11.75464275705708
10.18746253824822
10.508470887630509
11.919297440633217
12.601577677809843
14.533246986322094
17.213659528619658
17.344787923483697
15.54229521949786
11.725335916220269
11.338322775546773
15.402754014173704
12.833731093576997
14.833662174888069
13.047078460260913
12.516208383239968
10.362300270555302
14.795616474415011
14.963223771500775
10.971234143517677
10.575325298309942
8.576900887229428
8.50851972067132
15.285143704009482
15.231031028318764
14.234919559123743
11.917144933159612
14.45577508557073
13.361132268975664
12.30888932481881
