18.41405953298516
16.622089165477316
17.004809167179285
16.24702561653915
15.078577304269762
15.046918426048979
13.85452585177625
14.712327407205564
13.05037094634364
12.024952281659997
12.899332463996643
17.050393945775088
16.00694898700808
13.225741310844871
11.861319619234171
13.44211211081756
14.466343667948479
14.7043587545475
14.466511586034033
14.862927030289583
16.47397346343384
16.218297382294907
15.55967159411309
15.273680428132124
12.739835455350363
14.289076238467242
17.147385399541708
12.76646142059768
14.057934633423454
13.49577960280638
13.893494427756004
14.488755524430328
14.72585839909972
14.813876206447654
16.23099939693521
15.419683050160103
14.565075657171805
14.704451588401092
14.115061559989433
13.8004929630238
12.226674847974907
13.333585213078225
12.748037419104042
15.339236026643224
14.184233107199937
12.057043652639521
13.563138611303689
14.180281556837848
14.427033277641533
14.519442975861228
11.686593675821609
13.356930014392065
14.042955303481975
11.915840983823845
13.422658165038598
14.040866180672785
11.820439904777562
14.745447391178482
14.712092074577122
14.540664331830687
14.460134991510248
13.052412871869562
15.597456698039894
14.869990105872025
15.168720294183792
17.0509611813035
15.45446826024477
14.781319932413597
14.493092845728746
15.298847623022569
14.694131073744705
14.43519030639262
11.328522251000647
13.012344942449172
13.711456524896171
13.999224054381436
13.743899050821025
14.001084705468722
12.157929574696396
13.330225635703588
15.46699780651094
16.025731174659484
14.928579962173007
14.467380195723893
14.271238574376547
16.100558450368347
12.80075648231938
13.564613720018087
13.882052052109938
14.013467626996611
14.067148854360289
14.088580885842333
14.0968588204201
14.099663539702258
14.100519120726332
15.491563856460735
14.67982420851479
14.317927401946115
14.166651668697748
14.103141737463153
13.83126807740577
13.960627755715786
15.076275079339158
11.678583787552558
10.717318116214955
12.650455624567572
13.45105570276051
16.740169866922677
15.143098906209882
17.170153698478448
13.886092905593115
11.266774140672773
12.831738702963946
13.475491287393877
13.72644111656623
11.685153030242038
13.512173948351881
13.72341412028223
14.603896212900015
14.437490468316676
14.081456331533559
13.925484906736035
13.925999048764659
13.832031484215435
15.303520594435234
11.32589063914711
12.713859672243402
12.905298558760506
10.552706859579434
12.34429807935155
11.919224129072521
12.896507567564921
13.298049078439503
13.461565426020941
15.309580170813573
14.292186687957217
13.834522954752174
13.715682620098184
14.547851619234356
13.907809308764556
13.629791859302191
13.502530360877625
13.438050604010108
12.150029582931243
12.84636682031105
17.383596800870357
17.66891986365029
11.753917621074336
16.806191083280574
15.711668131000458
17.989746712431188
15.206135815764878
14.034658852580424
12.739540686740495
11.037387968115471
14.480098661606126
16.258481948268244
14.419294524134978
10.278464710466306
11.90962801939451
12.581721770224894
12.846849691085914
15.428891714484632
11.181026991908446
12.23438988102265
13.463058822971501
13.168975395072225
13.038818830666598
9.34477041500811
11.427861250945082
16.186674904946994
14.264196212669413
13.459628367030945
16.22213129211981
14.258782625209525
12.815574278825924
12.826567420543164
14.420872900125863
13.484546807870048
13.08973186619145
12.921133662107978
12.847554218257196
16.446450587806034
17.939700154912632
14.926522550706895
13.669223923000363
13.144889332077053
12.92598085604251
12.834428650810114
12.796489998441375
13.12099008382348
9.624814641109545
15.607680248007247
17.56880492250208
19.093298304199198
16.803949248109653
14.429012972425294
13.43608033689442
13.018264911583906
12.840100827772215
12.759770254047883
12.720206903976953
12.697631256002397
13.130866725506998
12.859599945665167
17.78869416681398
14.789429201453387
13.532622171142828
10.965732642413682
11.924282772648583
13.025746737909387
12.766205662874043
10.170186739422478
11.557247680915347
12.125483349909025
10.582089148049478
11.698832980109819
11.801009699705997
12.186264823530689
12.336193640466838
9.732139827899315
12.975969707814212
12.632196247904982
10.08760448414751
8.926926743883131
12.771166329885148
12.499475119183142
12.375143111672813
12.309426600592463
10.411027763902226
11.46625086750966
11.882220515156076
12.043840501526738
10.601081040772101
11.498420200706136
11.860787904602649
9.344553992416307
13.509693267352446
12.22211039913816
13.88786006697848
15.633336733173627
13.513664003555052
12.61894597664499
12.234563456873168
11.266906690697281
11.647764187243558
11.79522319210319
11.8454526564846
8.845168868843354
7.140773054732444
11.202174315319015
11.553856830071835
9.288819443790437
10.724486352415877
9.901818866187446
10.96961008591671
11.404695217429893
11.576491008383437
11.63878457628378
12.01117215179761
11.801752362239265
14.718426351270077
10.788080520537667
12.064488911866608
15.776099022874435
15.454307086381547
13.185229644280792
14.093695265775654
16.059195969898894
11.91174360877638
11.681178337868317
11.579145660572529
15.784200585682514
13.279358391611904
8.86700213310274
10.388892671463513
14.12099668891366
12.572016963765122
11.924003861001728
15.992777234479602
13.344614225225252
9.406009177644464
10.595718188036448
11.090216004100789
11.2960412203992
7.747024156267685
9.897831585320345
10.792987833942988
14.7971781556683
13.27512861402658
12.726710693057518
11.962296919925869
11.64052804150751
15.40122085478596
17.934768643814536
11.192010793821579
12.365513544511536
11.787978999197158
13.845737984605307
13.368501207841675
12.808701844756108
11.94712275942947
8.039508181997439
6.22677559328223
9.182581702423507
12.356631537465562
11.7130203774459
8.430400275475128
10.068075780672487
15.702465699578491
13.079569105945557
11.976490394726316
11.511653847075657
11.312772809745228
11.197771146582436
11.144403995336901
12.800862161279053
9.671564955788408
13.582049360895844
9.2662452237352
10.289583969514858
10.971592428881161
7.6131599503584395
9.566514741148763
10.369008732310292
8.036275344676481
9.708450670390292
10.393473612655635
13.679793821959377
7.846168206848505
9.581642021827372
16.156399414878102
13.020511010990106
11.701924709327178
18.379711912774653
13.9113654267852
6.621360355074622
14.851463069478633
16.755839587080025
12.722896044935489
7.167021779019272
15.300499692763523
11.255688163901134
10.848060414983204
9.377013437184875
10.041949686995338
13.013013891491497
11.545665596522507
11.410679175836218
10.930797787564508
7.556385344606788
9.028467467668449
9.820395868060244
4.448460828285578
7.881337339877401
12.001977320413854
14.535204981206864
12.056865524893302
6.149326717345782
13.170889639117423
13.891971724404012
14.60126042529307
12.052382615072823
10.983520097532047
11.580783120474806
10.774551271639853
5.841868742413025
8.371699619111508
10.331984561693588
6.467174158162685
2.6518493983637077
8.211739917274738
9.339375403875584
9.807178542539756
10.000343619028317
10.0793340934463
10.110921131658674
9.93441194516857
10.049282157712945
10.103045648770184
10.125231250144935
10.133749220074995
10.135784195938452
10.134424862411954
7.328386457198876
14.410955831238876
7.593906782592693
9.065319803781176
9.760528317216373
3.9934051274553797
7.552404956926258
5.8153001751732525
3.848263615325572
7.149795842528386
8.84632375972238
9.546356894815116
9.83115065420626
9.942085754066149
8.690901543907138
9.450853770428905
6.543681073858204
8.539097208613114
12.336427986903981
10.93485006052849
10.341692462869423
10.08488261132409
9.090797215402258
9.543091547300522
9.720846794029327
9.784106081741221
10.711038805641792
10.174969213483736
9.940396744485474
9.831157709993498
9.773827705633492
5.5595942029783085
6.817382411057413
9.392466587758648
5.638517993177017
7.964706785795264
8.921577612673687
9.307696604623526
10.779982852112582
10.142677195531668
9.783428899508847
9.849747951911471
3.3885726836568715
6.912014979956219
8.367466651842957
8.967653001700961
9.211450292630792
9.300605309648052
9.325610580248744
12.711197266967083
10.722368134910784
15.745042026148763
11.96257992334379
17.482094463325197
12.674604193428411
8.533262185091125
8.446863744328716
8.863752975533778
10.763243114565817
9.807136385665977
11.409915819835462
10.055292170481039
3.1010206958906315
8.033848235020963
8.617951682131636
8.851600713321055
4.48685367250176
7.113112651565885
11.311965011884581
6.176115676764072
13.795552896201606
10.96274297473561
15.226444378748031
11.545964728475905
13.118372985712185
10.655264701893868
9.623550119941576
9.188925767680056
9.00367889612348
8.922964577182654
9.384980850311702
12.87610056681245
11.027001536841638
5.1646060146662105
7.3106609844926105
6.776160157973668
7.979659535655628
8.480909389402902
8.67897962952579
8.761392436903398
8.795610792056047
4.493309575746009
4.900414464165268
7.183588557775668
8.133196373776322
7.099327182362189
4.052401785594537
9.519723887624583
6.292200752153379
3.1549181976954124
11.19714357828169
10.416661383386648
16.688792571267236
12.05779788460826
10.121717939783064
12.833649708311214
10.431552204082484
5.1076077289278246
7.1972650880038245
8.696280320880263
8.675904652230006
12.046001528642872
10.053666097591886
13.839649950983173
17.471424474473196
9.612050425037774
11.14196997947067
9.61990848975703
11.262339548940961
4.232558941708928
6.713934724386111
14.431221740027798
5.392836617061835
7.168661272980467
7.70802280773336
8.110098229656892
8.265846506361628
8.318935665643693
13.917589805114009
15.96336488784653
11.49015711284645
9.613643064474317
8.81920245018765
7.505311254705308
7.915130016221703
8.073092637117584
5.453919202080547
7.022022831370965
7.662911974078282
9.181736136547169
8.538063216304407
8.257636886274447
8.009735684592709
12.150080230509289
9.732529942932821
10.196138990189965
6.216315865454607
7.218383847998136
7.624348832862424
7.781939347121773
8.462019342265467
8.108278806421222
7.949595043156925
5.944765669377218
5.204843684740769
6.547408673055879
7.106378721499587
5.836956669819621
6.8095475697670365
7.213684052951526
12.90045121447261
9.74845730133594
6.93104662529063
6.712133681861335
3.7455993544447903
8.251193255225434
7.039177172391661
7.487034874511214
7.468276929190424
11.379128235454449
11.51390938580491
13.373096805986366
15.312239425589475
13.98599105143101
10.141210525838904
13.51954497114381
9.931852373883627
8.428688213596109
7.793904868841899
7.520920603129221
7.398604170633547
7.338885815906199
7.305246984712114
8.440087568445932
6.13771664608541
7.509597453238769
5.730800463790185
6.587534343746972
6.934108450671364
7.067886839061558
7.112802140860552
9.767888160321544
8.216027918688788
3.2901517353947582
5.494103231417797
6.400704679348996
4.933061820441209
6.130325964559453
6.616991595891525
11.369962273963722
8.776186416220284
7.251256700583277
7.047782556135853
6.950915244343411
6.8983117612455
6.8640302834826015
6.837380440825601
2.33261578067526
7.0392124103317615
6.872412373145647
7.735233250171878
8.720674795874032
7.535551004816311
7.029436467776158
3.4956805262522517
2.7440210715353173
3.2761590634824036
5.206856455297519
7.157443201598871
12.426981764498313
8.984965515670847
6.238793039015895
6.372701084350325
6.423133900555982
6.107140724695515
3.092597843094101
4.273726587964134
8.267334499601958
5.245553778631064
5.258402971943541
7.266913507833976
10.329202452773755
10.639214725439775
8.113052583201554
7.0528450453300895
3.6129839346504355
5.164886607768037
3.559301833461607
5.131675618782652
4.2316199616494234
10.521005755737303
0
4.1781913193686435
3.7962471168691088
3.600085513101356
3.5030575048458834
0
1.6129954863540004
0
7.923207778963417
8.673247686088773
6.30421321781297
5.05611128878
0
0
1.7410437589790009
1.978307766559566
2.829828783215185
3.3007803977026224
3.5686601791931194
6.6722534767235935
5.40083821415871
8.318265343718236
6.3197523504700515
5.26752284802882
0.041524083148274826
1.9444077500879198
2.9727268024939146
11.083219487716178
11.135411440872
7.909877587180299
2.783951903933512
3.4677604946129224
3.843248259601455
3.0278351787342066
3.628266193559573
8.490224462766044
0.45400215866679705
0
2.0484310755660005
4.823394962626156
4.638236411808317
0.821117524776521
2.516095487442752
8.593131434237112
13.428631671061094
9.2579745835302
7.036925953885714
5.856213912331417
9.286010711092949
7.0641371369701975
4.063191533915912
4.283058513079531
4.401176862045238
4.46461494339434
10.939060388219886
7.9678381621541305
7.116154151147075
12.392406763619748
8.784666314395498
6.874326705300438
5.867404489887314
5.346221784847872
4.055365605371694
4.404667943959336
11.210106122303621
8.253295699803212
0
2.286000885919
3.517457154368379
4.187417941686967
0.8327015337237684
2.782258479453003
3.8369823197011224
9.58176553159518
7.494948793304188
7.276841608383997
6.296543387878701
5.789207257417075
5.534243698202751
12.010428377470907
15.799472356096896
10.922974154858302
8.336625714677389
9.601558862145499
14.420260028625009
16.37123930352147
11.307122860794056
8.619832326954707
7.2088638966290315
6.472103070194252
6.0948202513006535
12.029241749344806
12.522530920264524
9.369468266444152
7.708725153531599
6.844283747647461
6.389939309386685
1.1382453557322902
11.022407553452176
3.636448885160635
0
2.796418331371001
10.421720833198343
10.47010217040945
3.018694146833374
4.453590423966288
5.229357256447412
14.657600710088087
10.700655882547004
8.593208539166081
7.472653053333021
6.8823897036135
6.575090238553164
6.424834996694968
6.350623452152434
1.1081484690977614
12.908592897254975
9.824178949651255
11.231023831202382
8.93400209600559
7.709795223855584
11.454078831827132
0.7798137537918777
7.374040972386476
6.897523183099423
6.676456076254853
8.680154853941406
7.677138720146135
7.156859912856977
6.893257154921482
6.766105021749103
6.704888134482323
3.774865718884967
12.785744415718444
17.99139916516945
10.812174245903277
8.939590228473989
17.531924798866463
12.554131460323143
9.912780346501428
8.518317836589162
7.789337182125976
4.31990355898329
13.03740164048258
14.240594318730635
10.889858909366666
9.117810350924053
8.188322774120074
7.7085109823594715
7.469102664255014
7.3581805871084764
5.372201809496939
6.2737280997035665
9.820633039341297
9.426529768578012
8.489156401885229
0
0
0
3.54309649338
0
6.230834743186811
13.979575799174917
8.143958720178937
7.94811280306048
0.34461035476631885
3.8122166932223083
0.8508063309933105
4.107192866137031
12.939062329196155
5.374178866823289
0.19630050469114213
10.1167669621483
9.107121736793333
17.96253096339333
13.31119552559068
10.837138613010186
10.844460210610725
9.534812008179882
6.136443420011315
10.854477719219837
9.558229625383705
4.431471913804292
6.14025070736097
0
3.7822895852130003
12.883851861438092
10.661623061578366
9.261564954794055
0.45063827252602806
4.966880348001717
12.468047005586161
10.555407392026776
9.333073937974326
3.7026141124613225
1.4806454596469099
4.341823570168099
14.331744591216786
2.971403718059534
5.588672598874568
7.00008965568847
7.768299181648367
17.770740277243313
6.226008611565607
7.4019205072104075
17.238492270168553
15.207151160129424
12.243885104643061
10.679784144928536
9.862791870883868
10.765103367837122
9.943929129318889
6.619605117451759
17.152228219563668
12.98826782214668
11.18285085551247
10.270796726341453
9.800676624473798
9.566173993142218
6.679028480626824
7.931656123254474
10.075544531975332
14.893017196624575
12.344017885367872
10.997815079109296
14.439911393301582
12.200643979023933
6.929308663800725
8.159885752156066
8.828271450853478
9.959190985030393
9.810242714024216
9.741023926516322
9.714036902536108
9.709053079201267
9.715180263831796
9.726520430864646
15.438143125705727
12.795214920705575
11.392116839112495
10.003315606869869
5.884496625459317
7.723424524872092
9.754699942187633
6.053662244102783
4.082072830760708
5.992502296031402
7.801327217857356
8.769053099456684
11.601400388618552
16.07538273293935
20.57916894428523
10.015984386972665
9.962474774896615
13.659567925620836
19.017479084192168
14.76944380373594
12.505612561875498
11.300970499712767
5.785085887499566
7.870420117000768
8.996890493633611
9.106177863599289
9.67768834186258
8.35585563844364
9.299375079481527
17.066712384970185
13.97700908528009
6.619953275947568
8.432125047404622
14.689229724446596
7.045067031025816
8.704616817358374
6.702601404200613
10.443841575093053
8.507791994753557
9.547285025987497
10.117537499901928
10.437369997716669
12.796814980425127
11.898336739849848
11.44983584083688
11.225981757555559
4.827153242171944
7.7074806528899495
10.586600649995868
10.868864757063003
10.976304046125819
11.529215272906807
11.556590734638235
11.386309727157961
11.309127285485488
8.237375713644287
9.655452979142591
10.201057268223789
10.728972427651215
12.068533612820572
6.45081587818303
8.765539053568464
4.571700228989151
15.31736595158336
13.53037941951988
7.569045238962688
3.9738464189095097
7.562459076368324
14.27894692289277
11.242855048635395
10.616705475106333
12.967814004443344
12.336857748141968
12.005124115822554
11.832666519847916
11.742802858264847
11.697011320902122
11.679792756603373
11.67241560928156
12.57432301687357
18.281357177387946
15.214236949303208
15.468897673647795
20.822671459892348
19.16849291186693
15.690809139046195
17.13730050876219
14.609073737663506
18.536477189545735
15.359065302244604
13.76352225365472
8.3306558930159
10.033226472444284
13.967288168118504
13.060165442848033
12.58854408522771
12.349251749806506
15.8168822402728
14.096622576634566
10.00641232543648
7.555111280744274
9.727593849363146
10.900453907872174
5.67614994147475
13.75973246455951
13.094269590687954
12.753717978727092
12.586908804006777
12.513061610401017
12.489075156408983
12.491904211316832
13.695665754284502
13.38466835139037
13.037187801451902
15.701341790138668
14.299996234924993
13.561195763265976
13.184856008585726
13.001578321167344
12.921212523739895
12.895528040973607
12.899026149281516
12.917849957257616
12.944778909990664
15.913961239174661
11.674957151716292
9.526898698795213
11.475093223211065
7.738449288837494
11.293001275124581
12.179749843650477
12.664432334400894
12.933729334396316
13.087544599621875
15.588161866390333
14.528819798693881
14.670119465877825
14.051430040752408
10.174730295561929
11.668719792489846
12.472749833528582
11.056069615706624
10.518043867280245
13.535193572270883
13.491585059331744
13.471658816005418
13.462421184751491
13.458886996899395
16.823187853343992
20.96146312863041
17.544459498963185
11.435067417361239
12.013544850004937
12.796537319294634
13.236907593651615
10.566421783013194
12.06822757004284
18.479452257674208
21.378499637667762
17.868429431324515
20.86045985815815
20.977732145930666
17.687542987021605
15.688263939172124
14.888132548926245
14.472495450595044
19.755102633948155
17.092289891932737
15.683063419836307
14.943070189883652
20.160323015784265
21.040924274095083
17.840207519247137
16.14523956783627
12.763475319381959
13.462652642037213
13.849112446404057
14.069067357587205
13.30692304105668
13.808707756725845
18.52020375054547
16.620791417883062
15.6227941211274
15.105865380039582
14.84565518795712
14.71465006830892
14.652588775311639
15.665042660497186
