12.945563154902203
15.12274470412505
18.19924607591353
15.509714308435266
12.587727590613467
11.120371902409714
11.623593247082345
15.917711880099857
17.143100390088488
16.71674707969287
18.82630463422704
19.51105210216497
16.872678042109968
15.329890089411583
18.27471934294418
13.538364504637428
13.539413688717067
15.266460532807304
13.680991091526087
17.226926283085334
16.15055780245344
16.683014762758564
16.95536742729186
18.17357486507562
14.01812198794992
13.019325914431061
15.568577289298245
16.501185865915897
18.062552022878958
18.939041671511273
15.572117589777244
17.321180010811222
17.66711346581077
18.358708498133648
13.922749678669048
14.73052788321828
14.312454902846522
12.2049309970285
13.493861241245048
14.399524103169396
13.532968566417832
14.660229195712303
17.13343326841112
13.377944213386222
17.012220350740506
14.112686076518452
16.863260870773043
17.502856449180516
15.030099617194626
12.438813580401908
10.914712399351718
14.610991019398337
13.04030365219697
15.973086748811372
14.890767740261772
15.422500596545982
13.27795331581584
14.917852744676619
16.088073300725323
17.124785649490583
17.97311245336733
16.767720385580972
12.47793203675193
15.523606999157918
14.613539410386778
13.295637838738363
15.591482390315058
15.176002353644924
13.941140874867898
13.853492991299774
15.670604213541495
12.699642466317703
11.200140982211343
13.859802789351473
16.328963880300908
16.17934642767305
13.500660962519042
11.697026508700095
14.847914422646111
16.59045489076808
14.211016973450509
13.525388978721836
16.52271234575925
13.612420816412362
13.822687864627406
14.710367345878591
13.031132849638546
11.64831871478085
14.730398390655012
12.912638887912577
16.061479468003775
15.946496612732682
11.866661361600945
11.592732799007843
16.129570222059492
13.182328199296865
10.75219421796679
14.700655991575502
13.864720710658176
15.313806413394332
16.784305768623415
17.022597174812063
17.118944479390073
14.674936185924853
14.148752692166312
13.986573357999278
15.091672099741162
14.42936680301547
13.402174101189651
11.66429857188444
15.273583250596396
15.280828415316021
11.802378970471782
11.389941250781371
13.136195528268685
15.22379991876339
17.262749442651423
15.31153290267713
12.131751709190867
13.527989451534227
12.551698488274905
10.887164146834508
14.275496075124321
16.1722031158371
15.214436658459062
14.803570908638834
14.062352687182578
11.32280414416423
13.692728570963945
13.924514528935164
14.38752513499508
13.210336873760507
15.94101828473116
14.718340558332057
11.600247738255973
11.135497680307994
15.334271221339057
17.54286429263798
15.210203308092648
15.63367718027989
16.104554403225166
18.124282777383176
14.661785693698485
11.990093169102465
10.871238055593706
14.430822648615376
12.66109012914791
12.952192522413755
15.692268243621523
15.048804059798176
13.423362655456597
13.223818579945386
15.086773705387959
15.423821696627645
14.636068594710265
15.765314822465465
14.14583308607838
14.684122875331292
14.96198168804067
16.59928989348893
16.28797535714617
14.43592278572481
16.284592159552222
16.005719600420566
17.348759235740577
16.49398632864154
16.191355915781063
13.364121940555725
16.70469378656762
15.397866330021596
15.763670166121823
14.444658669393819
16.460504821065058
15.941621531234073
14.617981000071474
14.36598800993927
16.57942078236702
13.582069523333072
15.937187388791763
15.018357002083995
17.078774108841287
17.261438824014856
14.701029987052593
13.998333655246562
16.272761789911986
15.262803099982975
15.57552055222504
17.601626054663914
13.981036969560389
13.496843841614487
15.374617697104107
11.814311195573008
15.162277861210544
15.210480682957716
12.17044712635844
11.879784823807768
10.532060002327894
14.553811987709217
17.51009025201431
17.084414451502603
13.353349208823328
16.257603121720276
17.7109262993664
15.617633936273156
14.676581551044512
15.320782361086072
16.31619300971788
12.564283908111399
12.033116728108716
11.498098870551946
12.184007014866998
15.15181156455866
11.66900286545661
13.44973310418198
14.976763437561218
15.297098785645495
12.178574837073018
13.988270330312282
12.835634265825078
11.304700429431723
12.796636660581777
13.345825875776313
11.850705056174544
15.436326871756728
16.49033752368039
13.92012960137535
15.650274946460602
14.095538999635478
12.089621242639058
10.385129262589384
14.299700406980358
16.22501492468293
12.55643034376579
15.854017552662764
12.445662931402275
10.524556906335507
14.42188800509835
14.749561958003326
14.75184712799265
16.759796908272186
12.44713028111947
15.042504639100647
11.402703386480837
15.134517197811544
15.515726174875729
12.36039693517189
14.826612904760509
11.683804898215135
10.97451603739498
14.27664438321456
15.70297177195847
13.400968609083007
15.489498546770925
14.764330513179527
14.823989175842135
16.368121909017905
11.741828488202868
14.636829426246788
11.9194013251491
11.206229101818728
12.857615216417456
13.842820968409598
16.56906843810616
15.06624783515443
14.492705401813334
15.102024369166566
13.1466821993998
13.91490410051194
16.063342252354886
15.912140012075902
11.806257712815677
11.864079676503366
12.434201717410039
12.055787572622947
12.50601727276467
10.121373682594326
9.491775294688086
12.529803101648842
12.019555917646764
11.804510578349499
11.712634092086327
13.201562903925126
13.514918323613902
13.706426960870305
13.230919484805435
10.402379261212113
14.544036147886246
11.313993241535629
11.250377306060827
14.03473127104904
15.436497816897187
12.897937943485498
14.160828018974684
16.33075587634547
11.664444038360047
15.222513039464861
12.298877416732724
12.359369367146943
12.62305990710571
10.096164059232638
9.158547671747309
14.143204593238933
16.396514798720766
17.266942614367355
13.340585739481355
15.541506475769658
14.37456257530792
13.149869547082826
10.550710297867555
10.130888442985745
14.410909374925499
15.76105224588536
11.914560190296223
12.542720944349576
13.961173265384126
11.305027140386029
12.756060035291922
15.551586267863264
14.747970167738847
15.50296747580343
11.40219800410823
10.110246368661874
9.132286431784344
10.854092589395842
12.905788187364944
9.89581970690097
9.85310247568584
12.514784609753278
15.750377961016644
10.49142789416322
8.659635811986528
9.091871457499575
14.647845387192858
9.984250699741247
12.209208274306881
13.867717711511844
12.41033494951625
9.840355670460749
8.757505662891521
13.948979713318668
14.527249577759655
16.527301151675182
10.382167890281384
11.246814889408649
14.846730082979674
10.024471316007896
15.069108234777842
11.946979268125046
9.706114197967599
12.57031475656338
13.93907591000121
7.717804352039716
11.803074762294315
11.348859878765305
8.827766495186498
14.549130694951048
11.722389083780303
11.185958876639834
12.71905007226097
12.33221708103919
7.058113588768325
9.404900015706508
11.955220957850056
13.290290504990518
15.140970030301908
9.682601334954224
14.27644234574736
10.426086512423336
13.740244970020196
13.909744076777534
16.392239848038265
12.965261087957046
10.327563397276725
13.964146794358651
9.718719643688765
7.576754758218691
6.869356582718277
12.797707719022595
14.530814512393942
9.400600653736774
10.234650563138178
6.865013705096036
5.272895168726909
4.0493002828265965
3.909313664885868
8.958347128385114
14.49554220015931
8.438631330710574
6.560729108801667
12.18338411666053
15.26467853974758
14.499878978228935
8.880788544598403
13.407478999863478
11.66406164631421
13.624531057073629
7.745512413308724
5.5665066580347355
10.40960883061399
8.610661842044179
10.08193833178392
8.456651938196087
14.179807485318342
14.233231955388717
15.732121248699569
11.608995660340984
7.465392308463809
10.279733956890441
6.704178282008602
12.913410362140006
13.72495494951299
7.921076170537854
6.791592044257673
12.16130772425573
11.785805875511805
7.808337450410221
6.045616586791308
12.26554533898171
8.62096607304731
5.603549452693521
11.857816626375396
6.648351010923688
13.103723507842052
14.857147479037106
16.230429671623664
13.156349781827059
14.543422953471012
15.758892034903424
11.242921798656646
8.98324954084828
10.258611392756322
8.269831131124768
7.05722433601337
11.927532871289646
15.431137682762193
13.999574617755641
14.697624395522567
9.873551382565697
8.583303129762832
11.749920988857586
6.184186650215452
6.7335860772488365
10.202885157689941
14.0530232711735
15.832551600085866
16.099014407977833
15.92119565763997
11.657221841933861
15.165508242851239
13.55324301396098
7.764044559309262
11.1959932467241
12.80429812224763
14.02470107170878
7.280954064837193
8.365558750411672
8.811213275253358
12.892071811616363
7.712607796286708
6.8494726285928
12.894627781321454
6.67767819574851
8.077899673441621
12.559729041550613
10.244364085196109
10.391815112286178
13.423593965256458
7.160689858525474
8.079138872036216
5.952928883925309
3.766203997367536
2.658411613551146
6.0981260082707305
4.280119815920886
8.537962672156372
4.551848941449773
8.370113965317412
7.544208026452106
5.153938850991514
11.122301673068687
12.584104219734336
13.46850794721516
9.745691473744781
7.72546838291826
5.671134490126773
4.809629830864562
7.882172782577259
10.642425368894862
7.513256521434403
6.945347328809891
11.62478338976344
10.315827098460488
12.270411760910584
11.032559010012518
12.17990318189998
12.091478001150993
13.345795056314046
12.09429847682112
9.045985051666385
7.58033242354064
5.566092238320803
6.667148062654034
3.956748203006478
4.679564931478196
11.756267078054599
10.978011417316075
6.554754631057894
5.536031450233455
9.83728693942313
6.044317060532706
3.2443822916261915
8.10372415786402
5.936415525981403
4.556461882222903
4.340473929647467
9.439913929795912
8.86262767050533
9.286501705383504
9.585742124155512
10.036253636819888
12.310257872883955
12.56819097110249
11.376702625010168
10.258483690744871
7.545868106478229
10.127408401369207
8.956662176763984
6.431480786576504
10.722348880802738
9.778206575765362
5.513483164427528
6.56861645025317
7.673820222854477
6.700965939252783
6.826016137421046
5.30950337015763
5.95288510341055
6.954896169340341
9.098090723083496
10.735498421505566
8.708993999120597
6.64536801612433
3.888419407658375
9.441391537225888
7.690924935129303
5.808404453005541
4.209008010396936
6.383645834230448
9.114590503098949
10.248441091491252
12.002794157251513
8.056746796279018
9.995720940035195
5.990862191898529
5.19663686933235
6.484843878841492
7.286029122864495
5.175853088645179
9.705886318306481
6.304638477152527
8.129269017925008
4.818548761114333
7.493130548135893
8.666775372547713
11.313819521034073
9.902800763803105
8.222475683532782
7.242370820816794
10.142433337375111
10.257682154077985
8.534848572723332
6.7908596775222065
9.371314116850368
10.50346981180835
5.8182829011033945
5.547822312075842
4.272966650201147
2.985343594793064
3.0464002717411405
7.177885806756709
9.022600264818369
9.846768924703799
11.125941658383562
6.704151172347382
7.902493175978833
8.395772665063658
5.203718455707298
8.871926314646577
10.9975012677088
12.0062845652429
6.455385562333779
4.12976468783995
8.158585514209644
10.569476845647195
6.077099281525994
5.005305096491924
5.697493212745141
5.90597254656872
4.4116186336356735
8.72600646197301
6.319981805685539
4.696218404849923
4.075578976622859
4.143978465200723
7.670709642722597
4.795897431554851
6.639568239867177
9.636905129599214
8.438028858503653
9.350653977995993
5.3202647339262015
8.917542474501738
9.463904636891659
5.5429458520990345
6.6763263393949295
4.905642977756035
7.409887450170443
6.685377797563188
9.491521760454406
5.576410983686766
5.564468054874159
8.12721597660592
3.6621011224611286
0
0
6.472629197719705
0
0
5.040183228577047
0
2.595655807712319
6.134166513658649
5.562613719654885
3.248073166546334
0
0
0
6.195552665516119
0.5161018655647807
1.6654191091679253
5.670917106941466
3.774060058649143
0
6.519810628582912
4.726855284008606
0.5235934061097516
7.081425095271869
1.8181910922388282
2.2866685961934037
6.8255910368766415
10.610757305586976
8.479726739201631
11.292902510525797
7.8513610377769165
0.5045686011521742
4.021791759477396
0.3956404206697939
0
2.5451880213337317
2.7875777087144433
0
0
5.844126660746737
7.170461832159847
6.873291614749814
3.5713486699547103
0
3.065924720989319
0
1.9499029396813512
7.383120152120293
2.9728326779634253
5.574594525898776
1.5655293597930364
3.369127553008399
2.757459493720562
1.306656640639606
4.696210559033786
9.883431913512823
6.474351150009515
3.8805091398078737
6.111016373769974
9.453654808658188
5.175881202269116
5.493688648616532
7.254681438833068
10.457960090662546
12.967044873126031
3.8639695476381517
5.653621776578727
10.099515551164217
5.2821203887916415
8.686839285176163
9.95384595799646
1.754066663869529
4.931687697574479
6.1916208929548535
7.778796618663996
8.303194776592704
4.547993853759181
1.3222341252533494
0
1.1773548159453835
0
0
4.825292953638079
3.4775709043479726
1.2016635338962178
0
0.6136112154180036
0
0.5309338048651067
9.26745506088768
6.462213814754742
11.920139420874074
9.132981460917343
4.939519276635853
11.289827164522265
15.108256077191742
7.3713367555032985
10.73301901770293
2.1933387207070645
0
2.615120815165077
7.832936805468169
3.826852387444459
4.558736343680012
2.1039352239272975
5.975695727972543
10.773579865198663
6.132771773176794
8.023506658529648
7.548985979214213
10.156974693017501
12.777096400879795
9.556892017073537
3.7645209709516525
9.939364302724172
14.600803705495277
5.936724021053778
7.304641294104662
1.371706158564601
7.461969739525584
11.392852560538508
6.280790312933277
10.496800635314996
9.890166491027875
6.574111424483833
4.001748927226361
9.8734043308575
2.9714426622433443
6.651946595343986
11.760124297126351
14.227750262746563
13.10894074929979
12.92674898844588
8.074138736363224
10.1241475394325
6.87759709283654
11.567885668747094
9.322947021754956
7.051004120877519
8.03008404333918
14.145691730129304
10.893166363786932
4.410699149647632
12.532126788302351
13.063945654650503
11.178643298205014
14.134193077193137
7.2915925350246145
5.697325942340923
1.0531686921188985
8.932061085404015
10.567965405848808
8.192607968877855
12.929003728413024
12.752495156043414
4.920487683914548
1.166759469232871
9.39371432661689
4.149117784260557
0.41473535814921636
5.1050868069642155
7.487456777037471
10.535014365783134
4.413467629711378
2.658193118332206
10.579388684506153
7.472416735071415
7.459665520962184
1.342693905204202
0
2.0139760011203602
10.855458958328626
8.509113223208658
7.947642574021788
8.337959645867818
8.827395214631718
12.362473478533426
16.29755443981881
18.540461053759117
8.587367346965504
14.853743621932882
7.315675794513169
6.289455747987445
9.420472341850896
10.27912669708486
15.639023286349142
10.202571901066403
8.256515464684536
5.9956601808433145
14.042672186600797
5.139812557979393
1.0704650488531575
11.65129376934328
12.684795905225227
13.79450346315355
11.543652165039097
6.411296800460789
4.911652864511664
5.35040502805907
11.721655321733262
15.27205592181624
18.814086082140662
7.929754284945465
3.7699669864182557
4.286936400658713
2.4016635430915594
8.758818146807883
4.5482730991779
0.6859300511463937
5.172857680646366
4.999595399800405
9.006747478399863
6.400680742760525
2.442827807969227
11.91321805356204
9.083970580350494
14.53776646497569
10.00598902215407
7.1048352740502825
5.77295280351597
4.362891316737817
2.74248737213208
4.2831221277698965
10.008233564218546
9.580793952793325
10.565573688938045
14.601251581825089
13.97029692632944
15.44458835944679
15.744051042292034
14.816585664850471
13.833378454065478
11.720805761178646
14.300461699089325
13.688717084303764
9.974771465224403
7.801976921216786
11.246497885712328
7.696837513499664
7.208922715922075
12.650601649752463
8.767290310935785
9.998470408508556
8.463109405396821
12.344592530093841
11.427592825249121
12.34030408610207
14.127585699107856
17.680366196639053
17.980109058003737
13.446205651264492
15.02491207702683
15.968661175585048
11.282698377542097
13.578895547589253
10.40968835935428
15.313747849434801
8.83985485639819
10.283888942612169
8.959656818006811
10.155288883844658
13.242772480389736
17.102006617994757
11.182693472914
14.72531783046205
8.829902744148765
9.295713371548654
10.158488003802844
12.332094027884075
15.404881105030082
12.063870435750445
12.594073175318835
12.192810854829482
10.995019963774013
11.170623180638296
13.37788477699921
16.969192583506832
17.302520139114343
14.698486713230329
16.022086399702363
10.050131303009701
11.37501137261707
15.010280327136172
16.366066694412957
11.901882889832232
11.126033292129918
10.527358801156094
14.019462987447987
16.89679359297169
15.948944769841265
12.460222651154824
8.914308329484342
11.531831526009547
14.44064134801192
10.710705133815335
11.330967338312345
14.372304485589693
14.109705333091622
17.179273492714568
16.131918080219627
13.7867467368795
9.34957585879729
11.887730812331936
12.952607054466718
14.228968664434884
8.823472553638364
7.145559370980561
12.651532887501194
8.702636313427591
11.89691433848397
13.007460301065445
16.202648540317227
10.51882702114479
14.881429004011565
9.418504271801352
15.502590584031125
15.953393716820752
16.39557266232317
14.342300574548256
13.455202245777432
10.384420248767013
8.946489088339122
12.07680039049876
14.44754476811119
9.819011210753521
11.546429754067734
14.867391615838638
16.74138285629703
11.646857369384659
7.842964499946435
9.916020530423031
14.925196780294304
12.215683805409128
15.67789001410171
19.13624578349603
18.396216703975533
14.417063345213737
16.802471449356016
16.989555628362552
13.805831109214086
13.719176781121426
13.387121959953875
17.620099946424006
10.901154146896324
15.223342765745713
14.047726775680525
14.334768980336655
13.00470525104064
10.712053756415328
13.601214151310096
13.378181091212115
9.180358096164
7.665562134982903
11.91973279322299
10.955419422374096
8.497683074967316
14.670896321907067
10.892357413454341
8.742476765589675
11.911757102276942
15.279203230924493
11.888597793560214
14.470519631914133
14.521815883020148
15.16001836345149
13.999480105076723
14.827229270533232
12.642189461033196
11.564008891251621
12.584140620881751
10.95181393544164
9.78922081600821
10.161827582337935
8.789150125770902
9.719665304244955
10.67760390392659
12.630219639049994
11.794152130830678
12.637097194892844
14.224350021095114
14.09579689104724
11.919660997102591
12.877804535902829
16.484858545018145
19.014381548688252
19.234147587716922
20.183149770044732
16.391527781159
13.61942323609746
17.509432988442526
17.781276540055337
13.105446746680553
14.932242763755623
12.976217899944663
11.943001513110135
13.36307585144104
15.337889847123757
11.72555685160997
15.918090742523182
15.75259798321778
17.712145938418878
12.886013932425751
16.20558648594725
12.55758766201977
16.95807020939838
13.057317677350937
11.364654015931658
15.828628955219235
17.544364300432267
19.076011194750112
15.305211138653677
16.32306659880248
19.29295014862557
14.555155691134862
16.113424166108732
17.41120916309367
18.117954824430832
17.680098926402227
16.028513122475882
18.405661825476585
15.013256712636677
15.707713346298634
13.83113349435326
18.26826927419276
20.64376796516212
14.61833914721365
