15.58
14.17357333
18.09314027
16.16405001
18.48286625
19.88246339
19.66459202
18.40935869
13.22638796
15.13051407
18.82418823
15.41409949
17.76384291
13.13840832
12.21916576
11.39065131
13.43402527
15.22030207
13.84719857
14.50005718
16.28749149
12.95149741
15.91040817
14.07959656
11.12488468
16.56792641
14.02819766
14.77521346
13.84543609
12.58030185
17.48135291
15.95168661
13.19582772
17.63246622
13.07529508
11.74704929
15.68866591
17.32069919
16.31859459
12.99056255
11.60021934
9.85454994
9.127012242
10.67016024
16.60772738
13.83902449
12.23872854
11.56143839
12.43156095
13.00174699
12.13885793
14.96671038
17.37050631
17.92618845
14.22357131
12.45299034
16.42932706
13.49852101
14.01212245
13.41745918
10.54435509
12.5269169
13.85335978
12.07626343
11.1134268
11.7937887
10.25209959
12.07265538
12.53286452
15.55146697
16.65675482
11.65993017
15.09389558
17.23813154
18.41978761
15.49302066
11.72975339
12.40293497
13.11427507
12.96987957
14.50393442
17.17343495
14.72064546
12.45911754
14.27433681
14.95459972
17.41204811
13.49185002
10.76735395
11.4480097
9.550382226
15.51725289
14.36936662
14.32643314
10.7472737
14.19708245
14.39897454
13.95075009
13.90884677
15.78039913
11.25402753
13.43594263
10.56382526
15.54123364
12.7428873
15.64255785
12.92159349
11.05534748
16.15771464
13.55317972
14.49527027
13.78983283
15.01372883
14.06190675
15.24677715
13.19248066
17.20102542
15.95515468
12.08309955
14.9653509
17.61222443
18.99825491
15.77951928
13.70019299
10.42417486
12.75378505
10.51517609
10.66060265
11.944719
14.05498111
15.86754497
14.29162561
11.59441557
12.28349638
11.9854498
15.7817948
15.8765645
11.6900858
12.97807518
16.94380738
15.21644833
14.41357454
12.84914898
11.31465711
15.68668943
13.13098344
17.28694297
18.72080251
15.79511779
16.14142008
13.33573088
17.31528961
12.79826301
11.19151515
15.24122541
16.34464729
15.575557
11.87609616
12.18781256
16.89707877
17.56172819
15.53026107
13.81399385
14.95259337
17.20943888
15.99099157
12.96714462
10.91110737
15.34821145
11.67087159
14.35958816
13.96774856
12.65425152
11.38672977
16.36402466
16.92651503
13.14103277
16.14475916
15.38450616
12.26786629
11.53845689
13.66802373
13.97894992
12.09529594
10.44755074
13.05612398
12.99595169
11.60869819
13.89716285
16.356082
13.20845113
15.12196944
15.34593189
15.72541891
17.74575938
18.94414674
15.64238935
15.76835513
13.95332161
13.33628007
14.72151734
14.64761121
12.24556028
10.95639777
12.84842806
15.0626582
12.68495628
15.84411062
15.93466648
14.53140855
12.50538464
10.79244883
13.72462943
12.92991009
14.81081925
15.94280148
15.97431763
14.68712216
11.41697097
16.56581268
14.83024798
17.17800472
17.21324828
17.86164402
12.38632013
16.75825692
14.41078019
13.92182817
15.49730768
17.50315223
17.96831973
14.55483041
15.05584955
13.18036147
17.05171848
17.93664286
18.50888483
14.86518438
13.76501503
16.16151505
12.77670305
15.08169713
10.79870687
13.23105902
14.94962637
17.73253726
14.07893096
13.19030142
15.96233326
13.52252079
14.2148977
12.84412812
14.25815752
16.12697516
17.18724153
14.68536007
13.56129094
12.43834224
15.32968362
13.80179693
16.73973121
14.94502921
13.61504951
11.47549538
15.30553923
14.67121461
13.61050102
12.87452614
14.28067623
11.41973585
13.73284949
11.39387164
10.70085105
11.91271265
13.4884408
12.34951562
15.59854652
11.35911837
15.46707121
16.67475846
17.74894965
15.32743178
12.0229696
14.73003067
17.36293578
16.66345592
15.79832784
16.79850522
14.92031687
13.06046928
15.22126037
15.47348153
17.65382245
17.26870129
13.73186768
16.41056103
11.14562512
10.52613273
9.903928278
13.58041848
13.74398946
15.45360777
16.44549375
12.55122057
11.27947413
15.68739954
16.79107531
12.65954901
15.01878438
16.78106186
11.34206824
13.00746298
11.40275633
10.22718983
8.630128491
8.74757529
8.576054445
10.35694453
9.869547637
12.37875504
10.76137639
13.37284698
9.719398274
11.69747186
12.9402961
12.37168503
12.40994521
14.99429533
15.62936636
8.877783418
13.23642821
9.707193152
8.659901249
14.8513308
12.63012345
6.576861306
8.831992529
10.52166541
9.472231435
10.87340021
7.297361503
13.85608421
14.6239917
12.42881454
6.821969942
11.65793768
14.53816272
11.37874963
7.209897328
8.182967973
12.06097288
13.23101274
11.31338851
13.87805358
10.89935565
10.51938458
7.195277289
9.828584716
10.80826702
13.38512864
15.54351934
14.91519313
12.36038041
12.59521486
8.22399823
6.614078464
12.03288714
11.23752653
13.5131205
13.25937564
9.231212388
6.678576086
12.14311317
7.234167998
8.778809658
13.77486055
6.712196399
8.993239442
6.13346251
7.995420624
12.14535352
14.52698881
14.53827425
8.989546916
9.178076368
13.50000749
14.42849443
12.19932202
11.91951058
11.90753076
8.959300592
11.53563557
9.774003375
11.64670402
15.57781008
12.63739679
11.51406403
7.881655212
12.45559663
14.35336185
10.45521308
15.46204729
11.44397021
12.481705
9.53073641
10.57722429
5.45184088
7.441987962
8.151718947
10.9401451
9.261196011
6.591424171
10.14818061
5.30563315
4.582103562
11.77899382
14.22126644
12.72305088
9.365128293
8.606292308
4.794513208
4.499705814
7.956117516
4.050098377
8.945698392
11.74001544
13.2074025
9.87453337
8.037570056
10.42238467
5.314376386
6.112316604
9.806945266
8.28645198
6.008028727
12.99235634
9.795395304
8.566166404
10.87807906
13.34212689
12.50708137
12.80093026
14.65393305
14.87099402
16.90999342
9.041236449
4.336700103
12.70665413
7.368019343
7.528308421
7.368666271
10.77694357
14.58394366
11.04691626
13.37557121
9.876443615
14.50708685
13.60034055
6.249958918
9.27654864
8.89967867
8.955623073
13.43754383
16.17241829
15.13199295
8.273631636
4.107144744
1.93337886
4.508678123
9.716324159
10.57933045
14.09527443
7.494852476
12.79904882
13.04992932
8.255583776
3.753220605
7.644667441
14.16258015
11.97796161
13.45978101
13.74730793
15.49642822
16.43887224
15.73864704
15.76849185
13.38081939
11.07424251
11.30407
10.30501962
13.90895422
15.94777103
9.496898109
8.106938228
9.913677882
14.79385688
7.130826842
7.1937463
3.074532942
10.91790014
15.37391691
12.43132284
13.26290889
9.462336203
12.88002756
16.14899196
13.25467035
9.751089405
5.993771608
4.742916714
8.563789055
13.083018
12.99503496
12.18437339
9.548395881
11.26749077
6.637812741
8.018170912
10.16750855
10.65362418
5.844977509
3.987147362
9.944426371
7.33653706
6.634202687
4.425150538
3.333767366
8.896868237
4.782382542
6.156154482
10.6719225
9.526887052
5.388472653
7.064078962
10.76578574
10.15483738
5.445884736
4.186545698
3.650877708
4.288859578
8.521274824
10.60189295
6.073312452
10.29436008
6.180498884
6.051309789
10.20052153
9.229483113
5.886504164
4.807438488
8.717407246
5.978320101
7.132765602
5.069550748
3.252333323
8.122665739
6.020515591
3.392597284
7.527590555
4.641375037
9.06439787
8.043026442
11.33802841
5.879268318
5.658902489
3.33678176
7.596899236
9.363104348
5.488238368
10.21151224
8.678861375
10.25136573
5.977065623
2.91587133
5.913850096
3.661148763
5.012428935
9.293453138
10.19303064
9.445326845
9.109462446
7.608415927
9.985649691
8.107765509
4.139658659
3.273487908
8.619029706
6.708710556
4.472305498
7.733101586
9.714237762
11.00308608
9.782088124
7.118425308
8.693333983
9.257810648
10.19474992
6.526513185
5.382418463
2.898265552
6.776474677
5.213108298
4.708556746
9.564399989
6.815843415
8.028030888
4.634515128
4.246502139
5.428245755
6.783139041
10.19427218
8.035852128
4.989557485
3.239444396
8.442451294
3.540318421
7.915695443
6.557264121
3.365400327
7.027192291
9.499007037
4.096831517
2.395857472
0
3.108203259
6.378150206
5.764479865
1.760302019
2.136444879
3.66328713
4.757130331
2.719349023
0
3.640345524
0
3.935885118
9.084612055
6.178701227
0
0
2.039607728
7.495534784
2.644314735
8.906157321
1.584298884
0
6.226402381
6.540309121
2.107276696
0
6.81894456
9.151985107
6.322077794
4.428536984
1.448700712
0.784765305
1.100792177
6.026590569
10.24734733
6.44409325
5.083412635
4.234569294
0
7.340671716
5.069009488
8.743048365
4.777543399
8.337298657
6.945879792
5.021568634
6.636136033
0
5.152120247
7.641743072
2.90882068
9.221792892
3.230357514
3.594044139
0
0
0
0
0
0
0
0
3.552149596
5.328912449
9.321682302
13.18882769
8.272636899
0
2.567984855
4.741000928
3.012703112
7.509624027
6.627048291
4.456510955
5.686295797
6.357554411
0.534592598
0
0
6.550723608
1.75546256
0
1.851417656
3.118782837
5.263923218
1.017688875
5.491112077
2.882796027
0
0.753926072
0
10.51102252
6.568942438
12.45177359
6.679176552
0
5.020642315
0
2.324208258
11.86799899
9.161575181
6.61419915
0.006373975
9.406427531
0.723362933
9.493481506
9.719987083
10.16981276
3.886508582
0
8.999346351
6.790541265
4.981875682
7.372426081
13.12572926
7.273685025
14.20032082
6.262650633
0
0
10.01370394
1.328830858
7.859404063
4.330200488
11.21647813
3.106750815
9.813139361
8.960885348
14.74008461
10.82396122
15.28488633
10.0261953
4.675940272
7.567085901
7.050631656
5.194186624
0
10.56164634
15.89290374
13.65042801
6.250947964
14.91236473
8.548665002
3.893126515
11.62017158
6.185483581
0
8.944705243
12.93653719
11.57532413
16.76443838
10.30334837
1.452268695
6.152929976
0.388250973
5.301095432
14.63582529
17.72930703
13.82561334
6.816871609
0.542342038
0
7.29091275
10.55120467
13.26201145
10.258563
3.56762611
12.60459406
4.3660541
3.330393472
7.892821169
2.208030218
6.997447161
0.95421497
10.65284791
6.909113697
13.05081568
4.219390842
8.601431645
8.873957596
2.176401905
0
1.432600834
5.390643944
8.304086965
6.992631622
12.99185336
4.238362634
0
0.17916735
0
10.54378532
12.4425296
16.02008685
13.16022902
7.343874502
11.26947854
7.160946827
1.953942784
3.97285685
0.760235337
0
7.598210145
3.856038184
10.8026619
3.843497804
13.53805814
8.205339475
13.66715781
4.322721129
7.963257047
11.9962816
10.33977116
12.18397737
11.91000592
14.80165464
18.52095085
14.70333069
14.79007963
16.49171715
9.907163125
15.3222392
7.565703103
14.55601182
11.62747609
15.81523457
14.43397407
10.31495637
13.04662443
7.96059323
5.609649926
6.94198749
10.23911051
6.155162392
14.28816903
18.52028677
13.17771248
12.44226461
10.7695235
7.074689396
5.110294325
10.15666728
6.065580181
9.741827235
8.313400404
14.35044992
8.326490135
10.26466256
13.52465223
16.67157234
12.03084879
10.02444593
5.677281194
9.919378682
15.22776322
11.27177148
6.235175667
13.38271501
9.58994352
8.857240595
9.75800701
6.292736496
4.106191002
8.104765043
15.51381125
12.68436627
12.12599216
17.46221354
20.55852529
19.06446224
9.970027987
9.346835326
14.53183002
18.95295928
11.8447836
14.74036418
8.106148248
10.78646021
7.783553403
14.39172228
17.34821843
9.458620694
15.93312485
9.218204082
15.35970147
14.54699855
11.78705766
7.870843265
9.893483589
13.67995283
9.275850274
9.866733011
6.332362579
8.089076948
6.932325961
5.859699277
7.173281722
11.39917173
16.35931665
13.75014146
11.78460521
7.000849151
4.926767484
10.97161847
17.48391527
20.61560229
19.60157736
11.10673875
6.580788966
5.576781682
3.992942211
4.323460691
7.899441549
10.98045524
10.05108055
14.83057969
8.485330591
8.262234957
12.60059933
13.40233473
9.381670436
10.74919415
9.021519497
10.09088158
11.01382518
6.356171316
6.096572098
12.2819033
16.26767527
11.50084503
17.50996089
11.24017841
10.48290865
13.9545938
16.99016042
12.066208
16.35846052
19.83225782
13.26999862
14.34762108
19.61910616
17.52889961
16.31062305
11.10900365
11.50887753
11.50301727
13.50526044
11.31108613
13.66803473
16.93212561
16.24904063
11.92162205
13.2854888
9.603150753
15.77827362
17.9422491
13.36971231
15.18953052
15.47073544
15.81475193
17.25261171
11.31977487
9.319437501
8.548442467
11.41456694
15.95631509
11.23485098
10.49626529
7.816578613
6.751735646
12.29250156
11.45878547
13.76616357
17.57286734
15.63059005
15.04495909
15.53627155
12.97789492
11.4428202
11.5135902
10.67256231
11.37711805
14.67706095
15.99934825
14.85031273
18.83439944
20.87398157
16.13039394
15.09409854
14.4667447
12.9009996
16.75606242
12.03034496
15.88293226
16.53509377
15.83284968
14.84971894
12.03749889
10.54750783
10.82400881
13.81111133
14.17913581
10.49835326
9.25264948
9.394684828
12.0449929
10.112366
16.51709846
19.50534601
16.2516411
13.55614054
18.40581384
16.14577916
16.72066399
19.33870984
18.36314945
18.56388679
19.65789738
14.24688536
12.61204325
13.78798585
17.96631533
12.52233947
10.68585016
14.30955955
17.32702229