11.988810310166478
11.024989080182511
13.046406808804322
12.202826502824207
16.764883571000087
18.058092540895544
15.497366461239084
13.95001858838668
16.330019770382243
13.947782829791349
16.31490212340917
12.37676853106392
15.441191103000838
17.58439547331013
13.955848744745843
14.791368288037296
16.8805875957336
15.653495361453409
17.960299781236202
17.092464390542595
15.507453357485705
16.317258985002713
15.767663768025068
16.06578071265438
14.158016537162508
11.331213273627338
10.074444780488294
12.441006879815742
14.297027556435069
13.76864506834074
14.07625859544453
14.597575384143902
15.679524551386509
13.021719456619804
15.270864413814964
12.89752108611048
12.436879428912315
12.166880171894704
10.299820370738306
10.797840363625635
12.281389105929787
11.619890528844326
10.96433966910113
13.913224673808712
15.131562947394361
14.3491263817539
15.29221431929872
17.08905561521832
16.817195998713768
13.460901811945748
14.34192699820257
14.429661892610039
17.217467300434244
16.550949728441093
18.283912433763653
15.561807214407184
16.371169449879915
14.678774074782492
14.031616301642135
14.493657460818252
12.176575188456475
16.320952701848928
15.013037017876801
17.157570055721493
18.244722677811986
16.332243678084104
17.14373057635158
16.396613238328648
13.653432595193566
14.590859962027618
13.156185611304274
14.437074831604486
15.024744351922722
15.334435017338068
14.113008663129504
16.230395023034735
15.350196469956087
15.045553763194551
13.903641996619964
15.308926355924166
17.236858466616567
16.621745019515817
17.775678686848007
15.962795448493878
15.47328503702466
16.744726217292047
13.500671520097002
13.023512370837006
16.056432425404537
12.739635131724318
15.195316998052572
13.254718026163934
16.7555767387351
15.722265371764239
13.809579882426869
12.94500819183405
16.06309396076794
15.610928122894734
15.893460050711326
15.673310665062417
15.445272451128243
16.627477225753474
16.78042268406732
16.638746481918893
15.026827061152295
13.474702495062873
16.458927629917603
13.183818658808997
14.236566394124969
14.869853006726546
13.846249426400021
16.17263211936417
16.594898763818836
12.039327745319914
12.426296970244868
15.883014356040803
11.185603976466911
10.767190995310619
15.364449480996312
11.750134122957913
9.832360256993294
13.46074619336087
15.63480224669301
11.343712914420971
11.429732949166647
14.21500351512618
12.265871108029621
15.347825387368824
11.624837940722141
15.65167039006723
15.30357569241402
11.852872774418222
11.5560427279211
11.22650931941074
10.748684456936786
9.236282889656689
11.760372092928506
16.256257561965693
18.51699190917241
13.270802312936564
11.272559151274944
13.018765049541539
13.723873177091232
12.4180855319827
12.466169992726757
16.128118732108792
12.130070389114865
10.917750698167904
10.666909990291455
10.152417858124814
9.59426638944534
9.482975483451977
15.2702440599014
11.626623002391158
13.086442025626955
12.688002225651605
11.448862369058885
11.188005696166247
15.986667921883923
13.2629409403519
14.969028303340448
17.13146816318449
12.178028863274648
13.359039679717279
15.569324213111186
11.833438803962334
11.995965830106671
11.256820409639174
9.944976547752262
9.125093369845235
11.698741522016407
15.025940662792294
16.54175068449738
18.156420756535994
18.822810146762883
13.714332238501783
13.040988608531695
13.220236801812169
14.552234243631794
11.184503910057298
12.168914151729139
13.77156086096696
15.296414432690291
17.78877379110304
17.430842723455406
18.410390059974915
12.906897630176452
12.472978881096267
16.476745166698837
15.140973088903513
16.44398802973504
17.71753109745129
13.531974202918075
14.509758650505251
12.789960816994444
10.941677954645412
15.01675644098892
16.91003692048692
14.573234331808049
11.800098060194413
9.974257008068141
12.793941507469423
11.24420195264717
13.911741318877086
15.54704142698099
17.88545946238566
15.598355656544125
15.4348965749354
15.558479410618506
14.008077809648768
11.825766879355076
12.567568328801071
12.202738799713947
12.040961709616942
14.885814789293349
14.467068800810418
16.27489561149259
11.638060033467605
15.473698094323364
15.865656841990393
12.431469333626945
15.50557010475901
11.594565312881759
11.613535627168282
9.749761211510243
9.75784235169458
10.01442392994334
10.175194446776485
9.632001287825275
12.448596664795108
15.126156944564837
12.776416795067961
14.182563377731743
16.423183837167514
11.63330097596052
11.419136826440715
11.18517326156284
15.19376185622842
14.527565585387725
11.116826882458717
11.211718002492201
9.77860048269344
13.48707308457655
11.965429652070842
14.640594527378862
15.744091416968514
16.923305992436276
14.481039118766269
12.522151377895558
15.347830498861118
14.322643664522595
12.61191844997488
14.01395484913003
16.519165000212105
11.181748056911253
10.209735525605042
8.79891536884444
11.19056792618421
12.377239506942754
10.737353601564456
9.646772143320796
12.5709191155699
15.574137038606448
11.436941598518734
10.966442291730635
9.633267459364555
9.004026037477123
8.07034665676576
9.069428510906363
14.3276569238831
12.06276127077148
10.051227193214475
10.13841924882809
8.576377391858594
12.106103925849688
14.83558846122263
14.243172041927473
13.927340311938693
12.531385548477514
13.873404007279767
15.360215800527481
13.719616649913647
11.639935363022634
14.75821355358877
16.716965635882147
12.817178512958822
15.641095315663701
14.292447018635517
13.661915052009387
14.127028185062436
10.13333616933976
13.248063134996784
14.608809007048153
10.585165604159156
12.0257214254442
13.553490797517696
14.652672158783329
11.717650942849083
9.757845191760326
13.716669200861505
13.831694556908765
12.876148678876355
9.54826350713602
12.404960300188991
10.200517339627726
13.449904856563329
12.674088802755211
11.748597227592583
14.741087175308753
13.255324680229716
12.094741293681986
9.148455947165926
13.56113252117968
13.043117427556966
10.165072308859301
9.026763506466871
10.268212473676208
9.844588817736721
14.571820801267974
15.667103032225118
10.53288446083605
12.03515700545021
9.328780648373382
11.178399725070582
13.863853047273627
13.709442656027184
13.43407165971173
11.115714465085409
13.582540069119418
14.901169411725625
8.478682478996056
4.882555756509944
7.0034951515739845
4.5467065984940005
7.949374538139664
8.548544573837523
14.132336771384615
8.074962332139156
7.455437902364587
14.032716908770688
13.33804414434653
9.209670521007755
6.469009201925175
11.266612691953728
10.631568122272732
10.663851227202695
14.807256056234671
13.283694620027536
8.401345549976353
14.324978439096512
11.537600266884299
10.970782848315935
7.193619145821305
7.314422651573585
5.64044993844437
4.933709759208224
4.125968248612466
10.639748411755978
9.714411542873075
13.35974666036682
11.647066786410104
8.606199771517282
13.485373331536529
7.946977514883704
4.62430278549916
10.900038849817474
14.013838171771372
12.885167669929292
16.34410426041333
8.29977942167018
13.720047202546485
15.774303952567216
13.904749918633353
10.501327647237622
9.888577285811511
10.943221224758995
7.3472808366427635
8.773447050605455
8.062322278422362
10.489259193569971
12.105054869963647
12.171624632096023
15.324115753082534
16.735819999367223
13.287609870403205
12.756885732391199
15.053741118073876
10.963358485747687
10.565971463489511
8.277762272923491
6.411638634888531
9.865393851597435
12.71118130523179
9.553800561812345
11.963386601116678
11.346636831654216
14.612336108125199
15.662650068725025
16.394728644637006
8.72257941005584
11.972746824186988
15.23465001568885
14.567372219801051
8.12714950736912
5.1312587054906995
7.503945771734767
6.162332001479211
10.33343877515385
6.916376055021098
9.012072203832975
5.335316335231177
4.094628811846041
11.23223419837431
13.690316069241383
6.834674265202817
5.175929956669281
6.590575626301992
8.378065568896076
7.092845184369207
12.697889786278346
14.51655459527143
15.46342183793367
11.306069422800919
10.97826361744886
7.404487212276676
10.430880978158731
8.539201243063834
5.5190395064155435
4.758585943949058
9.478886533533835
14.156880728165714
11.857530445977147
6.650551384506699
7.4947712264927
10.255307818295737
7.863315880708068
12.912848439835962
12.388475303299064
8.818079703304166
6.2093231407141705
5.010111978757706
8.433312514970485
12.975871207733498
8.80587211602277
9.17588814092715
8.714248211859935
13.75692560363781
13.427591061512182
15.298003262635056
8.503441498803317
9.799482892629893
10.029060293792192
13.748460508766925
6.313808366000299
10.572541985885866
9.616945552827477
13.751582026643351
8.30644042923523
8.75496374843237
10.449570640492787
5.199695745310098
8.55576411765089
7.328105246779407
8.427356554942637
6.966078047181643
12.205164661615488
14.688700186372504
11.585921646669892
14.124353822623842
14.374311626614965
12.259088648552218
9.954699713626113
11.415209118818675
9.199330434213302
13.217836293381591
15.294759431285861
15.04931117447925
7.480888770882702
13.100290623974196
14.935052056605766
9.240535531233025
10.899011337010654
12.695554819984714
7.8918777520113865
8.608751912760006
12.331577375489939
10.145238377345482
12.55654454500386
5.485420246741007
6.465679940244515
8.783497051258038
10.548623374482265
13.696971678132467
11.772350834641149
13.382338131515386
7.890999010763796
4.584740589524495
2.1890995407051665
6.114711346631503
5.3200055758935365
11.636121742712568
12.139447368521022
12.842641874281064
10.305717986208958
7.023854597441463
4.131811086172279
6.647153638078826
9.90285088607693
13.971257104840845
8.291281777412948
6.9213213008770555
12.390746431130022
12.640396582533011
12.631178898902625
7.571327571483681
9.283436595109833
10.571197704088119
6.610064987439776
3.7702410683541694
8.235630279350634
10.671814617097583
9.395136564147643
9.291829070429342
7.104204397454215
8.606761181310553
9.73536709000162
6.517344477390881
7.8908280723230195
10.809963847991325
7.223470067825952
10.937500387037739
6.0032792529253625
6.509013403035787
3.473149852804838
6.755453081445786
8.55306290197881
10.540877095856553
11.284772166874818
5.836563738616882
10.036079329040929
10.241585059601436
9.370992411071928
10.771690898151446
8.118686369519116
8.187829316969067
6.450001752059298
7.9291953765331
8.101687259391793
4.126241665444956
2.980219269647839
7.497797091845307
10.698671236875612
8.203776045478655
5.5412030132697625
9.940498712204175
11.694268654587955
9.10995593828472
6.62963214979195
9.558973515823679
10.330980881143558
11.526811989535833
6.502273134036239
3.591295143912666
3.3990864031064354
6.471848644649851
6.640629110080942
7.5107566927073695
9.849461047666534
7.211898843026303
4.779524720726897
2.432106770342514
4.016910001192394
7.240057657150992
7.690004838473058
3.5285225476803483
5.165709400153769
2.7487696036614615
6.435699635543681
6.489744415579601
8.252585234975932
7.798453415542541
5.391211613180944
8.787450320341874
6.734998979072897
7.638289469883077
9.47913481736308
5.381439819357052
6.896821851747104
9.50111360040157
9.103443397404885
10.616088598696539
7.336984961055496
3.825668753277361
4.114386261066375
4.736927804340587
4.836943236181771
5.160448978081153
8.22403649682023
6.315142546259828
8.749056713732074
9.683962921227167
7.708937637867489
8.050627959489754
4.137564825747696
6.454662750652846
8.585678317070663
5.424392821895312
5.866335078315904
7.951871212836508
8.149459623648735
4.693062783635064
6.5567616093187215
8.505099255167343
4.225410408985348
4.491897640944632
2.0945522895612037
2.8521801282038908
5.292572919857811
7.258683511010471
4.983738003270201
6.750650930473464
5.202353316676771
0
0
0
5.221786672296517
3.380141626392451
2.1607133822637525
0
0
0.2734721100745965
0
0
1.9090351667934735
1.4774911763977387
0
2.5682216214181954
3.099644784688934
1.0780097585284567
2.7039182820924026
0
6.071776600066238
5.05177686325653
7.578713382698479
2.3456694108249057
0.4251930935541779
0.27974508086252836
0
0
0
2.4284444781697623
0
6.851650559218961
9.294129946016755
5.835379885892425
1.068406115983617
1.2234293868854538
0
0
0
0
3.7550163466392066
7.111249287618476
4.8782774787252485
4.0611091570802555
9.00844066639284
5.300957469209527
2.350480577320356
7.745448498708526
8.673643856447942
7.707121269677962
8.417675676202943
10.511568579584697
12.243457927004922
6.818553050958844
10.523052800301455
7.124425248388319
10.809658799234967
12.168086813203017
12.782454368452223
11.901322903405756
13.400009509132273
13.603315980488219
7.128553709566955
7.473794751767844
9.018162847752828
10.099792622002703
11.177856230160014
2.4896089153107805
2.504885284192718
1.5383272914299644
2.3782546281473467
4.1821225375043305
0.39230190516558583
0
0.9984055647785963
2.8896315149130434
4.524419445936507
0
0
0.4631716535648751
1.7035521291882478
0
0
0
1.030667194205452
0
1.1871401921555966
0
7.0818706798425275
11.364419415247077
11.953917528216923
9.678416460359966
0.5022218113659402
5.668177587860905
4.302851038331369
1.9640623604117025
7.528556057144536
6.530441409300899
8.974437517996998
5.409958044244122
7.060704051711943
11.05747803595721
4.043078314165147
4.302022373946176
3.5663179462314964
0.9699179093903458
5.210591017299888
0
0
0
1.6359671472017627
1.044709103265892
0
3.2823157806094683
4.007223900696867
2.3332986559918796
0
1.839900818881735
0.019874585817539536
0.08743468542329769
8.844296817989346
4.656526555068198
11.730567084474785
13.290614812502543
3.342678216407112
3.649608562788571
4.405275668122611
9.992934320667915
15.37159893568066
15.319998194979998
4.818982309775029
0.855743266224362
0
0
3.784979195214415
5.959018533055799
13.485427948747809
7.911643945741807
2.3060293893002886
3.022794757394424
7.113253504730782
10.344586227167275
3.3667908309069716
3.942947152033695
10.027463688770869
15.653605067782395
17.48161497532516
16.6919701365683
12.149683004697394
6.63922053322464
0.31682748196539645
3.460051053398284
12.245555922580584
11.33609548749328
11.16340534975064
13.600229767863711
9.155851641601892
11.086351061682809
13.611152502966716
14.540764326748889
5.459120177211803
10.085242681788095
11.092496171529271
12.088851750326084
15.139710327711608
13.524876723015113
10.904832775899386
14.987317192802442
12.746843607178716
6.097272815493888
7.141528237761033
7.267949086239862
10.008138553304683
10.00440294711274
2.3306226877581135
0
4.69478548269036
9.868342794853454
3.9206464362372637
0.6071083880296904
9.483586339892199
10.82882094563065
5.353865418757812
0.5145914016178166
3.9926362452438156
4.228394612655943
7.165602204648544
13.464307091710939
3.6792093425148185
3.0403417591619384
0
8.911044473011609
7.609381669112702
4.551856438950677
2.1327571974643806
0
0
4.473422021420441
11.454847507286555
4.2616183467607005
5.165527265883244
11.572100567661963
11.45946093128373
3.583822544431726
7.374578492824048
4.980435548803996
0.46805123157948625
5.906416839273067
2.323652122198542
8.406524083343125
1.622921886196699
0.08869083722599225
9.925129423784291
11.49814913293347
13.093968325845339
4.803277791114773
0.24900698349257144
0.6346708104848551
6.974326071036603
2.922640854606417
7.937583857146102
8.134630355764411
13.013354535806362
13.478026170500648
9.719273722333082
6.310673184484553
7.76104361724723
10.17626138198122
4.751967585338464
3.606495372269971
8.757857100536139
5.551978568470939
5.697409340440285
3.833420550352538
7.839981607304447
6.516447929282825
3.541858853907131
9.775347578750022
7.5773103381031826
12.162502661537548
11.144942148121963
10.06696554233513
13.404582135483459
15.517884797377171
13.180138169740495
16.386523518037023
15.498668205832928
14.708573852374059
18.08742985075333
18.481442193076195
11.532747667626843
12.709531798911545
7.697877067522802
5.676203848108298
11.216798471493277
8.32054026854673
6.342088830755431
8.108714780491624
6.557203714278993
7.140791237757249
7.99756621593752
9.759965133255573
6.69018927621605
9.109380990582942
6.291360302994423
8.490528145001862
8.586308940170483
8.427646074952946
5.5370809101312375
10.410371320332422
6.624583946917726
9.826693421953888
8.729430127231552
8.375950666676223
11.565728734241805
16.53792931756445
15.40939508441249
11.893419559890717
9.382028715315368
10.661284987070083
15.265131627527579
9.925976969807337
14.904049591223178
15.514602167490825
17.390186529556814
10.703641797157118
6.058478109217089
11.615793849870162
13.836882889265857
17.85779023889303
12.315369095797982
9.589468086709974
7.823801662912848
9.716529350359332
13.343939349233898
7.807135283067769
13.21960722517316
9.068722340101019
13.701508133046591
7.832627970287711
14.694691322221036
11.642169070052846
16.10088379976918
18.81685333624858
16.80464634357383
16.717593148204877
9.845017332367938
15.73290983800079
19.3161923679855
13.640976968990488
9.534673553671201
13.642183441464622
11.933832567888011
7.121544666389347
13.671461815650085
10.333758440672547
7.253034131775472
6.050337274075014
12.35377824521837
16.478538235443253
16.6268993999914
11.724211775107563
17.13666153681342
10.69538370839373
15.50469963344137
15.034259042902647
17.062650388008542
13.48090034626408
10.37765823580643
8.072841629235697
9.22121504826091
15.055083466258004
12.316060021816483
14.224230442048393
15.90609579628067
9.872569142058692
11.439024308750064
12.395623813574836
16.390240995051496
19.29394269342123
11.309436426907874
12.92086128620812
11.62453178357963
15.9372849460468
10.766857127463684
15.182511392227564
18.421167552420613
20.59818547841064
15.374067381780874
9.130201706023069
8.526364667503081
11.041124228062447
11.223293270528119
10.361576137849505
13.073131043613742
16.576556677744072
14.933100349217302
16.12161864995295
16.11812284629952
18.426980973166444
13.942955598610146
14.024581911827543
17.606936693445064
12.819295434012226
16.178117530551596
12.514105809606377
13.514934669652376
14.138307074818542
13.33822038075651
13.333976219213115
14.244978975735393
16.216862844061865
13.512178845153294
15.846629503342257
12.681949345968338
15.10087585527468
15.248583830771846
15.008650340476647
12.268091595943249
16.710420970014958
16.139166483775256
16.90516284075483
14.861819808820492
13.448252738700843
10.244290194351361
9.520838601771933
11.265685561622703
14.655229816352712
16.711655083251507
16.17214141785628
13.344136837593506
17.58233885548578
18.21212378014567
18.964039765326294
19.469730924588298
18.849422608144668
13.860456651924933
17.023814184932196
14.790677901222049
12.544620562605237
14.796672391975402
13.552255388746683
10.770115243677687
8.396070931455036
7.304695342867271
8.535522870464508
10.432154903078711
8.75285515290215
10.571240008496439
13.846792494116947
12.658696401079684
16.951652677263276
18.68191951773749
16.178185946114436
15.920076558432454
11.946111827007147
13.44272809164394
14.828385567806482
18.121022185627076
12.603284746301853
12.458870678036034
15.509275147870003
17.070596800100788
13.25083273113172
12.129165873173658
10.883261102009268
10.308192651788572
14.69310228954322
