15.0328449356956
17.59819674139778
16.282044763370855
15.732186331663037
12.497910948306604
14.150396428946564
14.837301902720835
13.675473986201528
14.628845945009378
13.99300925896724
14.74869104754725
15.05607560669374
12.23288568522568
13.990708478220743
14.713953298726583
15.005898754107768
16.784639029560342
15.849234105158596
15.449510344091589
15.272542612772167
15.188064319929364
15.141708158356966
15.111056864498149
12.622641307919835
14.038184304392596
13.70885431806499
14.467748390493682
17.456876714931052
14.326589741386796
14.812559565567572
13.915261618563221
14.497825912839694
14.729638029949902
14.815451178622926
14.840477236321775
15.24972802848349
13.972871699231701
15.405951435222098
15.513482504619038
15.085396685727154
14.903461058835706
12.180396295993347
12.063303110450835
15.263976750855297
14.920471787261404
14.33822012057228
17.07836310191684
14.97695981784007
14.759009109001159
14.657777304788784
11.901630871428612
13.446536013801502
16.76468475173782
15.453022495346751
14.896601700890193
14.655058452062145
14.544828179906297
14.489521533905755
14.457201917248529
13.467004889344677
14.012741101826329
14.222340605175432
14.301282101753003
12.344702276722991
15.356528491899052
16.363579109095788
15.168036150755816
14.66196367238955
14.443357092176727
14.344866819441243
14.047554790223366
14.165761969049278
14.208045860119235
14.212242430368885
14.211453808112315
13.838788067752239
14.05213956423836
14.129528527409725
14.156566429291233
14.163057613013258
14.161190419112625
14.155840290017832
14.149396430542833
15.569895141693703
12.74548467748588
10.72695983035553
13.292018887435903
13.769322764230143
13.967354310833102
14.049013078206555
16.88608364405777
15.263231012709273
14.586335528285556
12.976984654313512
13.623111090268571
13.901449478650115
14.067501994303015
12.795995091665969
13.53246247500401
13.838875100450972
13.96540734839632
14.016523589937547
12.768698304352878
11.946449853778034
11.780047235745245
13.093294848675844
13.635586807446426
13.12788343160567
11.353356344046087
12.821985492329553
15.342249511601507
14.538261469655549
14.194967472951069
11.579447353465767
11.370251035989375
12.844695453275973
12.547023864201494
13.79057782880595
13.101480455403383
13.53235295915259
15.550549556632266
14.537656053634667
13.968942307487731
13.849925940125338
15.455629219634664
14.446486205763366
13.88489173405976
11.60359137527427
11.718648272088437
12.830145865944052
15.427376108122779
14.767830059886167
14.547170909578956
13.982074493056752
13.74279281629195
13.639306397328056
10.499704515883433
12.243235429224628
13.292782326962936
13.384821934675056
13.411863020519096
13.411719413756709
16.571142687679686
14.379879288998545
18.081213753823135
16.4569499388988
14.624391016126332
13.849521542595042
17.010513753226327
12.237417410895082
12.820810009147982
15.574752579322217
14.18826145795477
13.599321108502954
17.567438479351896
14.985617829529136
13.899305129407592
10.528218072306107
12.021312245273156
11.024705750777716
12.212974660892275
11.325183553325981
13.620279815218687
13.260226841730828
10.51699514579371
11.958846618219965
13.281526983989325
16.74296732124278
14.518253515333868
13.583651658850824
13.186639451693539
14.239753492075323
10.946698312399384
12.073756018183225
12.530154648560151
12.713892329046615
12.388817811048217
12.642888865783792
12.743660860759707
12.78100469203057
9.073954180326236
11.244434528198743
12.145782628749618
13.821688424631319
16.8677953061731
15.703824332979757
11.0036473118159
10.827821168278511
11.960125508918857
11.06415866191426
10.189187604473883
7.9602903279333646
7.517796688290891
10.08867117824738
12.698698010106055
12.720882421507994
14.196428697626787
14.159571823912875
16.0043615814198
14.084407310092832
12.153421166999635
12.46754123940395
12.592345473574827
10.30217044640488
8.772874734753678
8.776425529228035
11.034016860171324
11.967741848530592
10.657160068110763
11.643479458984427
12.198846665102412
9.432576391435813
11.259638074235705
11.696895850800036
12.183674742299976
12.376364601430401
8.890079772604597
7.427106445281286
10.363659337411914
11.576713934401146
12.071376174615759
14.54594234616486
16.376284311950638
11.048712177551067
11.80599497194593
15.118422882389682
16.729562469636573
12.687416973662605
12.439551118883609
15.737936819256648
13.685973870875847
14.113903683125319
12.97378287761952
12.492909797042856
12.286745243444159
13.982322780517695
14.596296406360311
13.5434143309861
12.677662406432308
11.504336488868402
12.300789665589548
12.124991640492766
10.185961747516346
12.203253362302107
14.08583144006838
12.83229408773422
12.541858378135156
12.156575538504121
11.984799090039868
12.88439893790206
12.113453658836859
11.93358693251572
11.837059185694102
11.786337852867133
14.606768557147294
15.452675309955131
13.272788496286704
12.354925477683071
11.963158219640938
11.790723093006381
12.043985355628392
15.139734048164671
15.043085224016183
13.039091595796744
8.638866412105054
10.353237821370977
11.059614081550887
11.346672156701855
11.459000344151264
11.499163859680234
8.358091265940537
9.39377383822868
13.386599361944324
10.344900966549684
8.829938202162959
10.373448131440906
14.589519332699126
9.85924287802089
10.80347485689983
7.466124393902456
9.791557986556754
12.227128743084206
11.77127871095519
10.941535713909339
11.234086143476423
11.351171900016627
11.39967995014053
12.96869025909989
13.864185202628239
11.8036300904187
11.580784814279474
11.484789606239058
11.441550743894217
10.538259719481253
11.035766538436638
11.238613488763349
11.320769779465689
11.352634272302552
11.360208512792875
11.357186412915592
12.574938134490154
11.849713421361647
12.441775585137918
15.355928992264271
12.986699923779323
11.991960052214043
13.273049060457778
12.090449543945157
12.737837823930647
11.853780898701501
14.403597535685202
14.96967318952435
9.3645904081188
10.418091474731906
13.104312503028059
11.938859778567792
12.673441722856225
11.742769735294189
11.34388307234429
8.501599907202412
9.970956266115646
10.571773152902791
12.52280164125838
11.612362433746767
9.286136470685362
6.927483843632119
10.877352003131364
13.322014946134367
11.887448119454591
8.045496416293673
9.664702086703175
10.327470400935614
10.591596290880272
6.0730019141743945
8.79501175676047
9.91742087177409
10.373364167267063
10.551382915042986
10.613602716478013
4.374283609617385
8.003965178049565
9.510596287303654
7.655812948352864
9.34799241266424
10.04145195599079
14.010474881884903
11.96701033111064
7.500086450766505
9.226138951584803
15.640251649571958
12.596595873864636
13.876453266967403
9.993240084473818
7.1057159208138
13.939124912459196
11.826569392817348
10.93707175810739
11.857351223228815
10.93223446238865
16.244239051747122
16.439719656518164
11.607776580640694
10.804997897006178
10.463734885513675
10.31520607469275
4.245650002815095
5.4872351817997105
6.376612348249643
8.589207936421227
12.946416707338635
11.31826543059001
6.900899108252144
3.7986972940462103
7.498377974173857
9.038266422190247
13.621861331911447
11.587092231927102
10.738578990584426
4.131072109405927
7.636927521640651
9.097599826570061
7.228795884005976
8.925290140798491
9.630011989635133
12.605430236177984
11.159036196252567
10.554642071521245
10.299058198677702
15.264951024111696
6.252078417555969
8.493594116911174
9.422833591528088
9.804891779177755
9.95852813476937
10.016722505899198
15.488113712441137
12.307080720111024
10.973805812528663
10.410336147640695
10.167342169804678
6.196101078837481
2.896267595409462
4.7852871215501835
12.109371181749774
10.831115414082332
10.288825155094509
9.967707093310988
13.096611272959372
12.753197418396862
11.047686586915173
10.870663428191332
10.24148479370013
9.968113786761645
9.842707401509978
9.778640462088408
9.73985109099064
9.122797768502448
6.0837710878408995
8.162918413899304
9.016624441110242
11.540938510040004
10.39918429055607
9.910705646047116
6.210554463835548
8.144913357211074
8.943348708080656
9.25250935759681
14.054255625227846
10.125754718284417
9.700331638987118
8.047102728060278
8.815421679491518
9.123434561562515
12.805236661701226
10.761554350696501
3.5186387520164155
6.867837679012841
8.257546131268251
14.41067213469664
16.699717371120418
12.31398974514068
10.475184380072122
7.976524195741972
8.64591061219208
3.7938026572345676
3.020177211195517
6.548680319630373
4.525005196006893
4.553191894766888
6.065817270625153
1.6519658161979134
5.931814881844072
7.370669244413102
5.570842313417142
3.303099236432552
6.590537534709846
4.469858703199308
7.063695477474752
8.682761399987108
7.463176172536789
8.293406829758482
4.899060025373245
6.37586494428765
10.134866884991443
9.391233147760735
6.853579403048959
6.926671534385491
2.1712765376244754
6.06334059140932
7.683477393977865
9.909337582584069
9.285006231557983
12.70570044775495
10.439327001859489
5.381554378559092
7.386482469069175
8.220869194763926
8.567222044016129
3.589420131640847
1.0091326656456108
5.555310354446527
7.446297879173869
6.005899482950813
7.626544236505605
8.297400313115887
5.465865004570951
8.560609934199565
6.823472713587862
12.639312874259717
10.357690777837625
7.552508651599841
8.223720481435654
7.655522374957255
8.25092994970909
8.490327152562978
9.12570381883917
3.716441726064809
6.573417508259607
4.522639793316722
6.881396588069879
4.622600921515263
6.9032874033070115
7.843311898415233
8.224130628000427
10.306478314175916
11.294483019592658
9.63959688895186
10.867541946389178
8.472280464117974
4.692969361784845
3.6098761584006893
11.077531054889223
3.9806809084174244
6.509349961335941
3.3115317751131155
6.205609886240836
13.230783398338541
9.718195681336013
8.436551639292983
8.290369027451387
10.931662917507262
6.177735170341393
10.707583911076664
5.4751713090371865
6.993537652680996
3.5135352774710613
4.874768529914996
10.103411119044985
8.879682924185646
8.363738428987359
8.125016627262234
8.013739455443375
9.989172044963185
7.198312655066076
7.592937513585235
9.09798690145296
10.979585540351156
4.839657316347291
8.890961319540335
8.083413891476859
10.461374663929476
11.257151148979755
11.880448611066294
9.326728516860927
8.26104817774035
7.815218055929605
7.627417801604267
7.546737070716898
9.543781987311263
8.339142127460205
7.833034642735068
7.617518007497704
7.522649250705894
7.477753933967946
7.453661055696044
4.992665165759395
6.406596724062341
2.791468216274306
5.476452860429104
2.000475950079685
9.015160087752424
8.046702537965237
7.634731437806515
10.851079639766182
8.78628144120017
11.11889067206199
13.347859386734624
8.81533251025241
7.902425011009381
7.512675015003209
7.340426681450638
7.258265588646083
7.213602160420823
7.952025757440775
7.481222828149171
7.27407974643776
7.176857952623415
7.125269103177379
7.092196638572815
7.066630202110492
7.031680439046644
7.004820342932337
6.981393403359506
6.9594262924811074
9.458531772811622
10.20174910087886
4.760935536413688
5.997986091225185
6.501226183141135
6.698564723086513
6.768430941808551
6.7848076726744235
6.779070596444633
3.7345112459703564
6.347647104427028
6.255732729066373
6.508409645577559
6.979646817230537
5.995405168139982
6.632383297601735
6.6111752285562435
6.682687543374867
2.9035342201422476
6.47729532624543
6.505731176850872
4.73108901192975
5.744440816263528
6.161337846844214
6.329692173201984
6.389556246341267
8.243449992520013
10.36955683771537
8.049069107992395
7.077445157172832
11.70594598770569
6.810316130293753
6.319605030918399
7.178108546940477
8.696652395898427
4.162532549441391
0.9039319734324671
4.798130691326326
5.441935154187872
9.885733916598436
6.7827583107489255
5.1562338974466275
4.303085914687521
0.48664740191294165
6.886668657080069
9.292091354071498
12.625592297441624
2.648573852037389
1.9907872024419735
2.7066104294900377
6.413089003136351
10.877401288097989
0
5.889050286739395
1.3455577406780002
5.767723261374249
0.00579103697176464
1.7772938563071339
0
6.278650757555037
5.174231803210368
4.601493849172053
0.35491885257560174
2.070510662796342
3.0001274834861285
3.621537129746594
3.8547027117527826
0
1.9476877301349997
2.999018215131036
8.766208352130064
6.648834029353602
1.4271949340896555
2.7544024765062396
5.328208353564982
4.855745319649275
4.613130509477853
0
2.0399113439150005
0
2.0566828296510007
3.161918817652774
6.1956413815610585
5.383941417422982
9.863396453521405
5.428165346241917
8.588264921227795
0.6874819171980464
2.468150574354878
3.422464549631764
2.0123518174544044
0
2.1149395105820004
0
2.1161469698070006
4.086407100363518
4.311262367753972
0
5.75688425960811
5.243951506254887
10.182911473881752
12.540126235955807
8.58236004237395
5.611732859435741
5.235145510727912
5.056766717466415
0
2.531227178152217
5.2014579402406325
5.073145038554402
7.308950420377346
2.5570033796943896
3.7023459444629263
4.327940991030418
1.4455437634173327
7.770072494706347
4.47565866273438
1.8615626120392115
3.4227015154291243
0
2.4608737056450005
0
2.492375705645
7.873371465775746
0.8811322600156544
0
0
0
2.586351568435
3.989398563882916
0
3.784679808700207
0
2.6711500530450003
4.112771435695813
0.24827943926998852
2.863389914517466
4.26573436002852
8.975882324590215
4.47364698708336
5.158207504263681
0
1.8311207993791143
0
4.666878719134904
5.322305676327384
12.449294725485077
4.664670179059616
5.355208782063212
5.7368995497529305
4.276360198779581
5.169182778902785
0.8220630724993052
6.24189977688508
6.247044566348878
0.01877872741014386
2.937670534181053
8.454652134394006
8.063762092332075
7.243122232144395
4.962147234236742
13.586968910123982
2.7304414743720704
4.405349716272937
5.2999980335322405
0
2.9959377057530006
12.272883077791208
13.900599187518234
16.014137356500044
18.210274980926286
12.804865733705267
9.137595925694168
7.976947171821408
7.371020245692903
7.061113208954733
6.923676470771246
6.864687815663537
6.8476305091950636
6.852992027354485
6.870652345069354
2.766733871562483
1.1191553368369904
3.8567002547712184
0.49410378425270096
10.481081450896951
8.883782843090614
8.047368161959152
5.94894686088082
2.0338303169846332
4.441093061211001
13.211822281520673
10.439607828739431
17.325696606687465
7.83822537799721
0
3.459160117372001
1.905160541310873
12.874967676443585
10.396995241421298
9.090933154202403
15.176171885671186
11.57764670769288
9.751731288787921
7.475226718382499
6.625979874910016
7.151520469170984
7.006254220188524
7.379304859811597
9.085618651377523
5.0892329193062205
1.0353415893218054
11.535059272244673
9.854293877420757
8.177491174094754
1.317227312808571
4.429261497638654
3.726660225271705
8.103352161698659
8.072156753280405
0.4251853891134134
9.878222811248081
9.037300006489975
14.832959035284063
8.79223802304752
8.470792074237158
8.302304236025947
8.831034238207879
5.425070758183747
6.683089080811847
7.355232402588202
7.7148172935820645
11.433313353036612
10.003273515026336
9.254203736316054
5.619031956119343
14.412759438271763
11.650165177159812
10.190486533618476
9.426131580720819
9.032915386390629
8.837937607107039
12.528187713739387
5.550850328485267
3.776166999942836
6.0946850232484975
7.347859359507398
1.0932030120128333
4.7126823728080485
6.7501724790530355
7.7659510859727
8.942046270754467
10.290242225274714
14.717657477341128
12.088239749493226
16.757495922679674
13.194110969956874
11.344005123408987
8.60255538855883
8.92685650165799
10.038883881984798
11.953819816066325
15.17669508308447
14.839283782066126
12.315345735359484
15.663553104625327
17.850620343321623
13.96257619671242
14.387925007013013
18.240241916351806
14.207149500068322
11.069762477401337
14.309662420551776
11.919566498453396
10.87650721892173
10.329347240024635
10.046169228047145
9.903136142169956
7.805431072813656
8.722399769282367
13.64182725021955
11.850748250814151
14.291991177110795
12.209663617633321
11.10352209877514
9.396818636107282
9.615008935238846
9.732866019282447
6.736035519723769
3.461989760921073
8.29773521131668
9.03745649130258
7.27571865898881
8.499315209654428
8.027577137424469
8.903036385800696
9.371279310304253
4.625535007123791
7.092822828003255
8.412705897718537
5.414618491176194
7.063281567575541
8.566201363660308
8.90192677077908
9.568699958733717
12.806226673833619
16.355130548726127
15.55381905158847
18.237876050629158
14.616605632897718
18.67054077410387
13.75175488872969
8.045406332223688
7.854721995168398
13.187969497466293
16.43635244631249
13.762401457453345
9.677104217704802
10.186809020602283
14.639224948214828
8.643397093405959
9.68207295533642
6.560905432425097
6.201280982901755
8.433034050352376
11.602850593928236
11.338131328576107
16.28000629715276
13.863689171917713
12.588896350015292
11.92301263001716
8.004536851963753
4.765989590870328
6.148227264719217
5.608570040362841
4.688326554128208
2.5326098124902234
12.49228507266442
11.976977853423733
11.714299083556902
7.492767210306503
9.34492720060255
10.34348610199652
10.886563462352342
11.18512418850221
10.226771851725646
8.948717573749587
10.173646631101779
10.834164881411908
11.192804224394393
9.877000201771672
8.534649529208117
9.980821280430451
5.370852277965088
2.0098773497184688
7.44971837595687
9.415247919768586
10.465865163763517
5.780412961876625
6.5148749704621345
8.935872002484595
15.9418635376964
20.455586285448508
17.31658246956642
14.703748545434642
14.89469298854409
14.739882788445264
14.788328653902543
19.430379207130045
14.952963203010471
7.925010783656757
7.020206490729929
13.905203690126983
9.462160895407354
10.681013679718365
11.343642094932719
13.42290066802028
12.831934771408621
8.565429251122193
7.463622646350484
9.692398873944619
10.895587368934848
17.265066591648257
12.935857735458278
10.382258358478277
17.292899979672658
15.02417850173633
13.829007129625504
17.887929396985676
20.844204132046148
21.810178441585347
12.407306933887366
12.533341719855297
12.745365585432484
12.731644848696774
10.734909465428952
11.694286845738889
12.223641792451271
12.523304298758
12.700407560435268
17.331320190891798
15.299806626657864
14.232261089910637
15.875372839999205
10.817298000632192
11.924889829646885
11.166029999156995
12.099666794754173
12.610186564924827
13.516998548509346
16.349484605684694
16.40980457694418
14.954813349045413
13.060294639622352
13.183564792180487
13.258204466867507
13.306407461588503
17.56699324594871
13.125699381525823
12.417941239101356
12.883629506294483
13.136494724691735
13.278839354263509
13.358137707781008
13.401846321402946
15.99773339595611
12.903900178078686
13.164158498536786
16.24722948946018
14.496853712963585
17.465767396056084
15.744243259553071
14.80980348337352
18.35435968587689
16.223871235010908
15.097378290255818
14.506536039241503
14.201549655204266
14.049418479261995
10.51071717914727
12.102343800745984
12.963077700299056
10.355118815144257
12.053679322248975
12.425259020078688
16.43415387398755
15.331882040660759
14.75567980595558
14.460806079874898
14.316188001529245
11.075619689161533
12.535655501702593
13.327870598677503
13.763813963069314
12.392170745464746
13.330043255651534
13.806339624347657
14.075196445569908
13.298054989095128
13.83425283877316
16.31740948815325
18.534752277649833
19.24647838266145
17.06292932500315
16.72334416297044
15.747706187955027
