14.411941694588922
14.775564988790173
18.132470193730533
16.503258608493915
16.559117201345327
14.748014328275023
15.086329281371004
15.2256198963177
15.274791745754786
15.306898616194076
13.02398690268117
14.337391389528044
14.876440821819937
15.09227790363957
13.554950490337067
14.522942283851858
14.916725601051871
13.060342760300998
16.332732824269257
15.640581420262201
15.341426091010462
13.783839736023205
14.54523309291167
14.850963904681494
14.96672633046318
16.394536759836477
15.58687226397986
13.620798216749264
14.41393677637982
14.738812442089072
14.73855373791558
14.840891738973824
14.872593559699993
14.875020747869788
16.77981836899458
12.525746508115493
16.36837753958223
15.455887482801517
15.064949107056194
14.32714611429871
14.587498045721473
13.074407640663395
14.864233301686046
14.764458894190177
14.712322696389048
14.680135434889317
14.65618095696718
16.092348259000794
15.223791472432833
14.868862957821618
11.635944466686215
10.540282607274078
11.251231540974366
13.155566542421619
13.93925180530629
14.256130750572332
14.378595006695491
14.420252170628812
17.782040981272775
13.547710201228265
17.138404592165585
15.524804581599799
11.98305945385167
13.363870774218793
13.625275295798549
14.035366620866057
14.197870006910488
13.424678714760809
13.92778045033283
13.558679328120885
13.969002945259174
14.133029415252699
14.194406204952202
17.102339857319862
14.84441070125878
12.657046756091905
13.559707959669497
15.773433265747425
14.841581533756553
13.288399155525084
13.796720239877304
12.974696325223796
15.96423726481737
14.8989385937358
14.45106895882811
14.260975278401673
14.175569004171178
17.098696674338903
13.27875509477121
13.762073784873564
12.21353124197388
13.316178426760917
11.110291844461798
12.855161080820432
14.25352084036209
12.415279423140348
14.069522379401999
16.697725680189507
14.652384411783856
14.305546571507133
14.96229025504943
14.431924697139898
14.225984431533053
12.436365263115384
13.370705002310583
13.75612194000362
13.91178685640271
15.100466392874697
15.916430425299055
14.792872386842117
14.31725405537751
16.745256913481704
15.114622474393428
14.426768954948543
14.009414352414922
16.709380868077385
14.232002079049856
13.059514766443492
16.1589394979261
14.806396142171806
14.235179325828993
13.989541278458942
14.67228389612865
14.143008380112011
13.470579510772462
12.786299266592094
12.554812727017431
15.455723904928682
14.411010982998983
13.119036682092085
13.157902777719844
13.41266496045626
11.829687570889686
12.849699185824933
12.89583783672273
11.34126594334954
12.604874280474155
13.007035501908245
12.746894816978521
10.324502181018051
15.94641265139176
14.467866244941348
17.030111831077313
17.72098992053721
18.977570865212993
15.332910438056489
16.63726196825327
14.688284868346338
13.86488326697232
13.510430499922967
16.275374995505036
17.770131329505844
15.103075783156285
18.85313043811085
13.850626149530221
13.436822131692445
13.253921962119042
13.167294377906606
13.121015341816884
13.094118867478297
13.075299106621408
13.05252336716234
14.00893238719959
13.42217836847527
16.889494087853343
11.682966097695749
12.427210756449819
12.72972550575264
12.845935650819126
12.886796804707531
12.896260033972029
16.968570540174404
14.586541149302276
16.07173674044859
14.196113215528129
12.966596823824167
12.88949851504393
12.851522515138807
12.830598502445943
13.792826271343067
15.87250820087507
14.077391988561443
13.326276002482754
11.05971143281527
12.592383694199563
12.696588261493758
10.526722731724433
11.834990833675572
12.379813108489813
12.607051701956506
12.599208925647034
15.872884844952974
14.047192453702305
16.652844326596487
14.903174431616998
13.639487746351604
13.110381864642715
14.570748970353186
13.491081331146173
11.089959441619717
12.030486338438138
12.416314296342373
12.570999206401067
12.633915150453726
12.652520224340467
12.652660958629074
10.524943287406161
11.755610890759348
15.98220090228352
14.014645096536343
13.186911386270296
10.62049365164322
8.124678772261467
13.009005835114804
12.730430972763939
14.199771694730261
13.206321297311701
12.782112077555787
10.559357752190364
11.658261463839326
13.966636134216895
14.651915874650507
16.874642555828483
14.24543806887453
9.596674670563994
11.188971186848818
11.310105518995657
11.878191019321491
12.102346663709667
16.701665522652483
10.634732085290707
11.53572663860544
15.886378263402106
13.70658829429846
12.79248507325057
11.515682076882705
13.274896818292468
10.010497370533095
11.205495909011542
8.061561724562047
15.41972931404471
16.437322668169404
17.91272474643005
17.807423722432937
14.384891779459005
14.542602345796094
16.988424013006053
14.009459438554824
14.263901139250281
12.851586328101194
8.533468897976064
15.491550370973933
13.31966255049964
15.948218215184417
13.494301257549747
12.46659749839738
13.712632088282355
15.019466514595589
13.07481424967558
10.21821772853148
13.890160242217162
12.575997038691494
12.019631102182746
11.779218263228751
8.66031966709404
10.362177392724888
15.493103181199285
10.184121748266362
15.138624237202693
13.032463135914764
12.148182164826883
14.963551919444019
10.463280929279987
11.062131170788971
15.559969734722507
13.17785227105847
12.181918833893265
11.764003221578125
8.577319218373425
10.257018207637408
10.95452343874011
11.242906775162604
11.361153416922258
11.409172863977506
14.17591408805648
10.18702539630784
11.71303787805444
11.549384296125286
11.479720577250609
11.272764933056244
14.372242179371911
12.647989890273076
11.926256302251192
11.621930504810074
11.487332154683159
9.39104844886294
13.917832079529523
12.434830132739155
14.380986183970977
12.615944468495506
11.873790563473678
11.557545228519082
10.534224545054293
10.45478788599268
10.94439442479595
11.585115350772073
11.391529582450723
11.306420377459617
11.266513357169423
11.240679993402098
8.387494573935356
10.021302937237664
10.696927233540135
12.923123777975462
11.868804395043975
12.045344437967707
11.492141827651544
8.683378972734623
6.616207405295535
9.19642730908305
10.260490844479309
11.756585319735013
10.06590914412701
10.588575330192127
14.604686251986198
12.45699370735945
15.714622660366784
12.89624548087884
11.710029983282613
10.60189611444613
10.729953840923304
10.77136080691914
6.7358727990858185
8.894069418492661
8.681033730437665
9.869926228205376
10.35357314929198
14.480853102812112
9.5859082040514
6.9840098690318975
9.091438110347593
9.963746258192243
10.32137986308751
10.458734146034166
12.653750891658266
16.583112385101746
13.039028378701097
12.60548838127675
10.201601869085973
10.340904244916127
12.125134300427444
11.121311705492918
6.926909014853466
8.93414294167944
9.750521076528624
10.08117817438508
10.209767237386664
10.254455617043424
6.636291604612742
7.321221216731325
9.029844460563943
9.737965196929796
9.699242157050065
10.002966468673963
4.706923367130069
1.806139462006639
8.294877020678882
9.393868168664891
9.846498436788261
8.740930281650643
9.565839237005825
9.906258146673128
10.045481150065893
10.101412806977258
10.122951037019424
10.130424604523196
14.620162806302872
12.002459498926807
10.911037573364002
7.246799237082859
8.935033370394828
4.359072043747332
13.868133936398507
8.061678740583204
9.267336676332622
9.768052609865006
4.283621125948422
11.898758452476407
10.855151173202119
4.036858106255306
2.1542313049266157
14.02034913504814
11.720676506162562
10.75683563050394
13.599300402182244
11.526922261728142
5.927965676482238
8.31562857384855
9.302673692282692
9.705779224656998
9.865248404024172
9.923194315093273
12.225387309025372
10.888579410056472
8.345100685296615
9.2529028176095
9.62095172544428
9.764006931635032
6.460003552862618
10.987441923808614
10.301045091527051
10.004124832812124
9.869205891059613
9.801492481370941
9.761466204866473
9.73269457800626
9.70827140427401
9.68567627172778
10.987932428818524
10.00476123319308
10.820650848838358
10.099040422133346
12.485323705166703
6.588970287676197
2.0609659921612327
5.393768562551716
7.773399310954901
8.739172235551308
9.128843080249432
9.284918559417939
16.582782877805474
10.532487588799002
9.838935925970944
5.359366574891725
2.6552561425467465
4.405066730003535
2.233608074463837
9.989062183152466
9.552257642280434
3.9307694549130874
6.993169148457085
2.704159140738719
6.459763873523825
8.013876585923779
3.509607462934424
6.763233678160376
8.332041766769962
15.853525040877283
11.876411007131964
15.24758812644626
7.427179204410589
2.3718306387276096
2.3207745872161842
11.233249086310554
3.797687006139146
1.2427929616512339
5.72527743060887
7.586828461186316
8.35623652875194
8.670882440278534
8.796658031526466
8.84435983443748
11.147109915543304
9.816132282974895
9.25841643910044
12.135567234511829
16.77100798818221
12.149061280626729
10.221083493818359
9.416008861411711
9.079684490378261
8.939289788035822
6.479999578825675
7.84507744977666
8.413782336920335
8.650011859318305
8.747381891680739
12.586778201350928
6.756689239575676
7.952812303342785
11.285988456996058
6.343813974257581
7.7714626193531355
9.823913308667787
10.399585341849647
9.44801268362075
8.169188140717875
6.1176915555878875
11.721751525869395
6.4848854937147005
2.2321828591647677
6.006740723727959
10.546739392887936
11.605152936453031
9.88803187113918
4.985361577124529
7.111497429794191
7.98813722000364
2.515249372364212
3.7924886252782937
6.567505722138665
8.212476627941673
8.388851048320497
8.451456791765953
7.319991391562425
7.994872679685264
15.228659710726912
11.267248756110705
9.604950759887732
8.900548107319619
13.083179229062143
10.326318211192996
9.165643545727722
6.417495517922468
7.512393346399094
7.9561089029957035
8.12850796509951
13.81379218629183
10.543874020413806
9.168490263664435
10.485219988409042
10.914760560920968
9.28501578598177
8.593431242074205
8.292916566777523
4.951263062762073
10.355683685291492
8.990821858940965
8.4160669795003
7.838907800748814
3.63818021183317
5.706041029247166
7.6200401663895185
9.57633861768943
13.571810458059925
11.076197006070904
12.472006838020423
12.723278743039522
6.0080053543595255
4.2098240651252645
6.43901631807926
2.686287405748013
11.335747835667966
9.099751703752442
8.166466939718044
7.7758060540457095
7.610994820419248
11.251141206721591
14.786700980746906
10.523866472024837
8.743409277115152
7.9968711176438845
7.680725691703807
7.543624386931777
7.481109273446072
7.543347715015033
12.882982979381719
13.399287201491253
8.075603578298287
7.670857030254097
7.494704108914883
7.4006621508917325
10.119247550588689
8.489890898613108
7.802374092761683
7.507136742456994
13.001657638447893
9.655938162763238
12.815087601065166
9.559781516279456
8.19345596053245
12.388888759491504
14.12669870596414
10.065039198442058
8.361715529014408
7.640981054888304
6.35975289697407
6.784781426488297
3.3205268978469373
6.440035490646904
6.770578422779767
6.8960191327539295
10.00895256455013
12.14504144281124
11.852883047954748
9.91640994841083
6.656399944631138
8.690412629815068
7.62316032177154
6.621649158968131
6.736380226240421
6.771452139497184
4.633202409102697
5.8698280056334955
6.3723962747326794
9.642266217391075
11.524433914628197
6.551301039627791
6.607054535796102
6.606400869174237
10.737163254090012
8.31585690152371
7.29511996244693
3.015478996654591
2.2845384088508647
4.735893377880957
3.712531686687169
5.314641312549744
4.474921757487023
9.327921006377334
7.629194925387436
4.877925904862318
5.760706498272528
6.123884457702563
6.256932262257859
10.01473509554094
4.656625648749389
11.352800035385489
8.402847808655135
7.166967645184996
11.740172973596081
11.831598707637362
8.578741726251689
6.070974436594901
4.747202652219039
4.0700613980550795
0
7.2104439620134135
5.421900949670357
1.2260346094404575
5.036958627589323
4.300716610035662
0
1.6443263782670003
2.5375643414342717
3.0302125851053283
1.9655659414195705
0
8.956412519019924
6.520185479128032
5.2367947306417175
4.568557427249421
11.301449487276962
7.837817205389986
6.006203019775096
2.7490925792778524
8.17369720801982
13.63309511214755
2.7447705956162674
3.3737308455778408
3.7224732785203365
0
1.9476877301349997
0
1.9680220423310004
8.347400713835732
6.436416779576747
5.427323253258152
7.8431080174556955
6.197695780301359
5.329195275281805
4.874828100500371
4.641119618341998
4.52493250391329
0
2.0644728597510005
3.1733021564101342
0.6808780114080539
2.4465809065183377
3.393549658121186
3.903254821425465
0
0
2.1054594031560008
0.6186530142334012
8.087500799583356
6.430429937239679
5.547014253977093
4.844098084171303
12.253155510328233
9.231105712174525
12.236645388596987
13.060295468427757
9.14105172728105
7.0644939616161695
6.2133432969522655
11.968496549878397
8.614949195971112
0
2.263293072942001
3.4792762566638524
4.130896501580832
4.4902472591625315
4.693643019131127
4.583095027566494
4.769379689760482
0
2.352369195065
0
2.3821187056450004
3.6689682469771725
11.603066064233944
8.620767757520234
7.045164381057797
0
2.4766247056450004
3.813902648577172
11.4573082271592
6.820343378046763
6.180920794960754
5.854646904626058
5.695469156743465
5.625453910473313
5.61106357359456
5.619516817823058
5.639880227035384
15.05077735149849
10.702244847804595
8.398163618179531
7.190436993217598
10.192319807961377
8.17645135117019
7.1077054385454135
0
2.7710694719560003
4.262480289934722
7.735386672295979
12.097068575474253
5.987587444814598
6.027035852350069
0
0
2.8661407745170004
1.1207099796038094
10.754269932891356
8.625795413024829
0
0
0
11.34735494278175
8.982598802703343
0.020872988205419496
2.9472916061824117
4.5129735807349345
4.749467741470338
0
1.1955832079511879
3.5863493453107544
4.862979435586819
5.533889464842297
5.94882112419285
14.628454888836057
10.85115161876592
8.850513195560495
2.780813289254634
4.571704975029274
12.23082533842339
1.923076988699636
0.2766007759916693
3.275530979922155
0
1.418328392644188
3.9177218388511093
0
3.2138957992730006
4.943793042188073
10.658668291821012
4.890892874674904
5.877143858911529
0
3.2910777808920004
5.063100740769972
6.024729726141857
6.554017731958295
9.517573924056757
2.8590161353562458
4.915350469146093
6.029952224492355
6.642011068336121
6.986079755517155
7.1869322749159545
7.3197137988231535
12.768921638188484
5.5162489709792615
0.7023210754237628
0
3.158560296973509
5.259306780028065
6.394811747107976
14.863739964430575
14.595732416931629
11.416615425593717
1.260187589708396
4.325638705787401
6.911076136806986
11.182451620316005
11.360315267264774
9.761050476363483
12.925940348412684
4.254846037710242
0
11.391239513867426
9.819739663310658
1.4756208792748122
4.54803045628504
13.079175007988798
14.945974179993284
4.234097961930663
6.034931966641202
0.8312133878913119
4.225825048991805
3.3276475876055587
5.562432461061326
0
2.6133018695161825
12.265426535782268
10.433750794068418
4.069695370466798
6.0880464383790835
5.81141049644393
2.989933515916692
5.554945264991147
6.938077188485276
14.195497870140182
13.282272332198954
14.729989096047829
11.892973523024121
10.39454014360567
9.610451312233986
16.86481396559948
14.991240409808366
12.111577320778744
4.999858187983097
4.294417112429643
9.50410318633493
9.253318297764318
9.13724061592804
9.093144702252202
10.215371367814933
9.694526594051048
8.355317819651221
8.762025098405891
7.361595969962149
8.322702633937011
7.1435269579465555
13.172599315132866
11.404071247879898
6.154795147526361
7.681302599969067
8.509790202820493
4.511188510552712
5.633660804873554
7.456197994426528
2.9999838533860146
6.074947797669778
4.541965702620869
6.554627833400844
8.00382782621569
4.192030113767434
6.762510256714302
8.142905013752753
7.81756164087305
8.49744504376016
9.091658424179421
9.41589909256614
9.595792985890292
9.69807410725706
16.7254621640753
13.51315220315658
13.840248192837908
11.986022946710307
10.99803909580362
14.337353664004766
11.186684094571524
6.12335952006206
7.877209622449115
8.814505529639847
9.320411883833822
9.591317287221727
9.737448129732513
5.503486165865917
7.558377182517054
3.7807447644969336
12.202475244707962
11.624199093739238
10.986170923850256
9.871466106266984
11.969882849007668
11.20576132207649
10.805235494531015
11.08739179670382
10.771681711716159
10.617980718031742
17.094736630367812
14.021469445323264
12.396613392147493
16.819871203379392
13.13246330582473
15.551385359348124
18.408595228010697
14.814790205767506
9.586676965651865
10.138557038906836
12.339632142983293
12.542845417223816
18.165923878545748
14.79422033804501
13.010545325265817
13.957503622691444
19.405546461527134
11.047612743202572
11.056838731955892
11.076606959128664
11.101709281271056
17.81455860640326
12.950559420362591
14.175858890357038
9.344058150031884
10.245978727199013
9.811152560766928
8.745917312583046
10.023362458152521
5.2185107007282046
14.793090007146596
13.229051463410423
12.405808478058802
11.752790731041479
15.92664597017155
19.008600868379077
18.54604288640831
14.076707723000101
12.909942174741854
12.294252183498253
15.131969571956857
12.421658442417758
12.39039954297823
12.038249487778183
11.852501929952439
19.004663139118463
15.579155766803613
13.753115711524408
11.992562399542912
11.849828113008098
12.968409913183958
18.218576148245266
14.957803729091975
16.603006888007663
13.815880477461283
18.95687556141955
15.579998985761472
17.78554625801523
14.958368557179927
16.85077508298135
22.104173044604597
17.38277522453201
12.671938957246233
6.081905962390888
4.69291142477938
8.136142162191277
6.659676347447588
7.153331850405938
10.390526024315538
11.227098505522772
12.873003105138789
10.38083677561301
11.262937833265102
9.126742620125349
8.565100547880792
5.1779070305411175
8.54445608205474
11.824049409249152
12.121418245874347
12.29572248385555
12.744972088567437
17.107433691082356
22.272771780275384
22.226158894139502
17.781638641619836
15.419000151478343
11.259921895044535
7.887254648296666
10.192209411896101
11.439331980493758
12.12199993140947
13.844862213378114
14.993960694886997
13.17530185663385
13.129867040283823
18.712575277944794
21.69893522218069
21.283886143517503
21.075581569422827
20.763866825672498
17.244917156007844
10.758460707687146
13.055560107333465
13.164988500061135
13.235814490420621
13.277222184566444
13.308180051444655
13.333074433518867
11.50222668467944
12.38390911120095
12.860449746096826
13.119752045627266
13.26248971167971
13.346070279320292
13.394012129391308
13.804596663010848
13.641471832098588
10.427329850277083
11.84266057162185
12.67866645454342
12.032099234660098
15.09975081541002
12.272209384030434
17.492178639172906
14.540191205330686
14.188630933791455
14.927218313395306
18.52500190926017
19.07125138327045
21.821627550296625
18.12647908947128
16.166114356094877
15.131505668633226
19.44544066612508
16.904275061932342
13.282047369108039
13.638267602614048
13.839997126255856
18.707557046460806
16.56952777540849
12.52514336317466
13.296186825179998
8.88824019890999
8.57179855754277
11.225973921919822
12.655620681349417
18.073719883059024
16.337565472732294
15.42585855826795
14.95451028599678
14.718137385199881
10.520359099402558
12.383206052447203
18.77947499874576
15.494187277155051
15.068549829951936
18.228840068840828
