16.18026298224503
18.630678924552953
13.656545610576682
13.197878544684457
11.859179115954639
14.532271088154694
17.93423100582551
16.649112778574267
16.309848460001685
17.71075956994264
15.929897359058442
13.697951452082386
11.816269244732345
14.390237800511226
11.47995938305881
13.355588534752288
14.53129932870298
16.492891893796845
18.646806863155394
19.60095350106344
13.387473629057906
16.780785619733585
16.02816142609576
14.153946805422331
17.26742969196245
14.310558469690896
16.164857798928235
12.756460375114546
13.148900949737682
10.798414664331474
9.740642554690371
9.356272601666461
14.573011431981548
15.79324868992393
11.71153298884921
13.16534652516401
16.387210523931124
13.678290920432367
14.364276807949132
17.20572701749497
12.392403318220337
14.696725073130958
12.987263826867077
16.911252670456562
15.774726229192488
15.762016380710905
16.217696128755787
13.63597565065388
13.559952624264668
12.507685154082829
15.897758788842859
13.394324265311425
16.988080439273922
15.849249238990557
13.950747277109404
10.792948480982535
12.90237160933845
14.984324858465623
16.58339925082302
12.526410493716767
11.558861705400297
14.986013743406026
17.217958438405457
14.439670905225592
11.791831460911729
16.067783845621896
14.272339679652765
16.883757386132675
17.897192124283716
16.493926776556158
15.228769631106715
15.368066702034502
16.826956961275986
13.324226527143761
12.803932019617179
12.452289535522977
14.920743772741664
15.135985261778648
15.288246989646696
14.404276850194995
15.715007158147493
11.475400250928182
13.543467431049097
12.380888064987376
16.203125839802617
14.826429270324507
14.384969916754049
16.35522832537082
12.932569135310203
13.121574033200432
14.815702063270974
16.80056849864897
18.300478739997953
18.049678770148894
18.483449061342284
15.498724463093136
11.806884890112988
13.29859692812612
15.805411063769624
15.569274542825472
11.967269020696925
16.255730946346134
12.719441665494745
14.340420707074667
13.934422492018031
13.55826638613132
14.40601931259738
16.840561091330233
11.786910512434691
13.512350853934521
10.519387794819771
11.55371562732451
15.411003464747616
16.19288012130218
16.31215774542346
16.290022572247658
14.655163659698816
16.119030859256892
12.610949058305794
11.141519371849471
13.417478724771607
11.99143624623727
9.50015982270298
14.983249479151318
12.340212851284749
14.190323834068773
15.016777569444812
12.588053765896994
13.033993262431633
14.151136021895132
13.196688614873297
14.746315054393868
13.502547329148657
13.855962739957357
12.38314657230526
15.103013675262671
15.28257656134391
16.794100369111575
18.475436779812156
12.987812063434195
13.944216498835761
17.32013539144551
16.77820677727787
13.292315002533549
15.15511090021234
18.112041646326364
17.473232928134443
14.206943436569153
14.694258875362733
11.764195581759529
14.118170459804173
14.09124713732447
15.79572116580584
16.362051173086655
13.598486695317053
15.026765056295051
14.81449288446954
15.38004331646632
14.4789807163131
14.627244385025149
14.076325299697077
10.91464582541144
14.103940855789734
15.489938342488056
16.722943912985716
17.162706777437602
14.947275919173173
15.076955037958177
16.318962735135855
11.98038908445144
11.892264894675508
15.305837522502799
12.8061074130185
14.93931428594857
16.087452188204875
13.17227558814104
11.1546496829642
14.227500404439342
12.979404283611927
10.595524222491509
15.045158484321362
11.782001149182765
10.482251494320598
9.406530644333637
12.609590868706855
10.224448632073903
15.539904503648419
17.75452192206472
14.626032188626683
13.041409855451104
12.580264975503503
11.059707385891997
14.742772468780537
12.55681168723412
13.038864725791155
12.77227868957766
10.731757452374175
10.740853094815016
10.674164296160827
11.437308155055469
14.073870088163911
12.111182234063799
15.476158024084162
13.549803597061299
15.927570432496246
17.512677444787972
14.579576151742835
14.744696928186753
16.864918580406034
14.552471011699232
15.041450581501422
15.036659192651733
11.969656383965265
9.951279563739856
11.49113908167586
12.786833206348263
12.917999168300732
13.626587681088395
11.985111374745292
11.888057598511704
10.508329501771428
11.184014227777006
15.505768861549239
15.43514651945609
12.803434719365285
15.081840065661481
14.557583264460394
10.80637636275449
10.957711700605103
9.28158101442919
11.747486263048263
10.637920597560647
9.23992004898674
14.496421475628448
11.893116008298984
13.254284226552814
16.001411146433256
15.407387149942775
16.609139948513107
14.973053974424978
15.27609443237056
12.667760162964518
15.023078707217945
16.52417804472024
15.676783744527535
14.714663214715651
12.376392740539318
13.98113005896503
15.701185668175217
11.093375318563742
12.28413796379473
15.149819519980415
15.470009565648258
13.472882377988466
15.491520857287572
16.05714981476556
14.556460741861976
10.800157698592164
15.0041349496336
13.027514954474498
10.733919492627386
10.50002825859545
8.999200935899315
10.556885314206307
9.204933145793419
8.633572371154571
10.380754127131173
11.035097295606136
15.08697618987421
11.787358726847993
12.598264374654638
14.193066186297322
12.196416341118148
10.297386018284193
8.50604203013958
12.405582874437409
9.577568091317286
13.112298610885707
11.394734990354891
13.665435946808017
13.679510147141215
11.225965571236442
15.382967046300907
16.51719052633429
16.254397318484443
15.21475000930419
10.728911805261475
11.780610252429502
10.689094525071217
11.493464179223073
9.700115615851368
9.879449405182797
13.07227055228569
15.2583745720186
14.105884715900203
14.95164329484661
11.91435446569594
13.233336231119047
10.455849808156907
14.073946281288446
13.183549235028828
12.008299512278601
13.30458127943293
13.770962245581654
9.906289112204519
10.86981335354006
13.724358490228997
13.11610440120573
11.85716246228003
9.064758197458731
9.086579661596064
9.422581800888924
10.620107152799651
13.145963292042747
10.540020964462961
11.175561314491526
12.159894871897386
10.765689986624459
10.63843746800184
14.028062197253117
10.514081712648087
11.429554889309903
13.260795323370397
12.285521785945942
14.723702150687313
14.46625311806659
13.948690249567012
16.112292119241168
14.958526504589246
10.632800287270163
6.599183425833054
13.379375289278755
7.417161041804001
5.425168647969727
5.289340504083864
5.624454889803069
5.752124230876262
10.53423646765159
8.37934779563021
8.163792543144977
14.422900726274687
11.47738376074062
13.667882927071357
13.35855662220044
9.99023657297037
10.093999453601167
9.728056150059176
9.553277795085629
6.5442719420158255
7.599827165517096
7.323054785149997
11.938061999142356
16.069734044173217
16.964408430859088
14.402472045785967
8.78658364934229
12.187117694785652
13.191872273957056
16.426581340387294
9.196702723824618
9.004499627031267
5.285909978151072
8.470501570554024
5.453801896072649
8.124530260249099
6.20553565939869
5.198503240159901
7.497033740885801
5.524949536975958
11.154921295589844
13.195000958367817
11.318992344516694
6.601261065428494
11.089270846193962
12.655314191876899
9.070031323444105
12.013683110895055
6.985760235197169
7.317393182441728
8.665802654238671
8.319131359951957
11.703596334500677
12.708217025416683
7.677073518358377
10.017178406778875
8.670616688433837
5.886639521278413
3.9155988022858574
6.31786469635962
3.6832262909929527
10.347534553357928
13.825483377879092
6.7961276856525155
4.869865660480613
8.195937425688342
5.741955200156777
3.8038155960776736
4.904821953205324
5.960632967757682
10.931218276656956
10.774824220849037
7.371992019701906
5.339693931731029
8.821109719838848
6.630867594055772
12.365357633701105
8.995039436379875
6.571215652158806
13.115619882854727
7.560511546794798
9.471324042556699
9.550279866577803
11.689950490837633
9.341912693202344
11.68009075256649
8.808929230992302
13.5514069300426
12.489079641193722
9.915470777322161
6.0062460286737664
5.776837940335338
11.418103351812155
9.418645931629262
5.047422659554658
3.0165826440763475
1.9450449704305122
5.104023017645897
11.955432582071964
13.190200361712527
10.067120730345946
10.468081996883281
9.916929458642112
8.666252845151705
9.242540776165175
5.133164327504405
3.4089169910398613
5.912348833388246
10.580933146318824
10.687487500553193
6.282217896810959
6.2509228916521735
5.722529974296451
10.736722094008105
14.832823771499775
13.50297239780782
14.854738698805797
12.583491346458937
14.048187035572269
10.714862932910158
8.10669150844312
6.002850167559994
9.758308744286913
6.978242163928935
7.123965385793113
5.765782826910558
5.798315509239064
7.3186162153643215
4.314518268643912
5.578485199077798
3.6789715228465294
11.456654603203912
10.759560317725597
5.825555787292668
11.029072643251673
12.18586834027888
13.57329416472982
10.215317800199687
7.401861509296221
8.245200764281371
7.587074070099973
3.8830166136198025
5.960042301657719
5.009762342138116
6.3284414843656895
10.3067530049391
8.332141601854437
6.801897457827378
7.272019923231027
4.439335659952791
9.00603042604259
11.813394167897911
12.576339364923378
13.091888492208714
6.745724686195782
6.113757150186418
5.542343634788082
2.6761612834841033
4.40069816987126
7.130361012343815
4.024167948196457
5.244378029111331
9.376481394960965
4.937229717068222
11.55173408554766
5.826053845989698
2.724902568937016
9.392033293381651
4.091428771400033
5.495236991028296
12.021875703080056
9.587048352595453
10.37777173583752
10.393767775100855
6.2591829790082265
3.8246188749047505
8.043910788716616
13.320807534249612
9.657673294538961
4.8916937312323725
8.542613279726748
12.069533088011777
7.172522635653042
5.119871859829956
12.019117222012541
6.811933275711528
4.528732875955482
5.795936399119677
6.2377788078260075
4.497417711581793
9.420953080856266
9.621699113507786
10.575118639968355
8.01891101287847
5.397368383842526
5.028020658052348
4.2737185897328605
7.697183033230225
10.808814607791147
5.629153703843956
10.43200193758522
8.083531219371189
9.960828684016017
11.246203280925647
10.593935258178849
12.149032169115012
12.271081131598379
7.75215951196501
5.564120695925027
5.658539006353806
6.947343084341911
8.439828828109626
5.532121559454907
3.2899781191314257
8.603815522781588
10.375176297247071
7.140892165172971
5.864267293617084
10.255785066005682
5.391482677407914
9.16892342091584
8.53259059670149
8.115316351584191
9.038960035701864
6.624481093889674
8.333181335095569
8.083471855971194
8.855273662520748
8.435174016405247
4.061659060543281
5.834479211946514
6.050360875701312
4.514338719658953
4.748116535555184
6.969212906958255
3.5479788874414995
7.922126082691484
7.603602334057841
8.932315840955205
4.256325243761038
2.66562890764038
7.9479815185063
6.977106229456755
8.69414849903692
5.207845462332541
8.00863357484685
4.826800929492348
3.5633804293989186
4.201748774999828
4.603023106528906
5.848823259327926
7.973216859320258
7.302177819937871
4.878105702576518
7.973477033236287
4.331027333204678
4.130611360782127
6.461366198522322
2.861760011392477
2.967007713026052
6.307155782946117
5.701065299092676
7.200562723034709
9.209722754708967
8.049012460818897
9.832194027678797
10.121745392590578
11.112436287315598
6.733842284351157
5.032447397219455
5.052952923983176
6.74680833944039
9.205475897644373
8.30660699639183
5.494168040644423
8.931627281224454
7.4855843924675405
6.2159204337328235
7.740204149145789
8.879763837030103
10.447780451074347
10.356417308544284
6.784436395356081
8.747022720887891
5.576156667370732
2.6284057975639494
1.6121380031820332
7.650905095948216
7.806881452242603
9.115178479538505
7.080801898064854
4.242315660722451
6.362900745453226
10.024890476449091
3.195971306763087
1.1696901648795137
0
5.481201664460806
2.3043579372958707
4.526762273120283
2.9178015737268677
0
5.66518002356695
8.703889009609274
10.952095208086181
7.891274771513404
8.351183147519624
0.5486007854470136
0
4.311444707824218
5.162389981997487
6.610515461577499
4.345186838477783
0
0
0
1.6172465991408957
0
3.8547782668624953
8.369208915202211
11.27997889335986
1.8494439170187862
3.794360060859419
7.776654871252248
5.389047381152518
9.127773776327222
9.911965335208
5.8201674511034405
4.2578741996599705
5.388794342049044
0.6255988477075007
3.957908914310784
8.677214651998762
0.4516640311873594
3.6462403539363484
0
0
5.014903530547651
0
0
6.740004970419672
0.07733426144547906
0
7.363933325524394
8.731102728036179
10.198321128675332
11.349015965289817
12.208194329311597
3.014436357043211
3.732076387444442
0.949891095658784
1.6775428159185566
2.9350099128831824
3.009601654363784
0
0.37099984301901934
2.4178533757611342
0
5.055496076098506
5.698529700591214
1.7734627120154691
0
2.16832886124104
5.902883175685291
6.931015999065588
5.538002889994005
0.28792985207506483
5.931705459098482
3.215226858710391
1.5363890295720175
0.1675716233032034
1.5300689530406197
8.015549880715291
8.55951025987903
0.1903739218305489
0
3.840925302888773
4.562157557748634
7.164876384614455
0
0
5.508385922760651
8.0960272456653
4.074015446847063
2.239487775546597
0.24223593026585633
0
0.5545187360439234
0
5.468062862828039
1.9068626012362602
1.3432141720986461
1.7880876076346812
7.20980926343077
13.366169274779972
7.208422434596622
12.061091587800314
10.230503469522608
3.9468356443855885
7.696976667912188
6.162977194741625
7.866171375637358
7.458528624332562
1.639997786686342
10.801872855634091
5.057135532789543
8.94332732404643
7.4788335634677505
3.313011635058583
2.5735231893821826
0
0
0
6.142413600789957
12.818922308633862
2.4951541424788903
7.0377690928647745
4.734851364780541
10.746336210223479
15.592668450147535
17.473159377485146
17.180105588131738
7.288965097570529
0.8440395472632813
5.544907442706859
5.55516672940101
9.40858923108031
6.448146727417297
7.245737028896285
9.01443331933823
13.236484178719461
9.446257226152387
15.1208444747702
13.73097907909447
9.162829660281599
0.6827666953061495
0
4.097746615653388
11.463151853550094
10.377916300888689
7.894046188292913
5.845842210800941
9.201286550821422
8.348541360820832
6.728192195167732
13.267547495817897
15.887601848416987
15.234603329866236
13.426041184748824
5.239062046452485
10.934267929282736
8.975576166363869
7.956024861226363
4.17818655541058
8.82694871218007
0.8334351429111742
1.7466726119463543
9.037724866940291
12.20406225252219
16.271557834652263
18.750860551784818
19.938508533365773
16.44786994447012
8.687982262196476
9.583924669747347
12.585158436185035
12.720033661866452
10.733852067217432
16.036600980434564
18.28422271694533
11.80944777312787
15.749550954186534
7.812559106649259
8.902960176005404
12.747574164101254
15.688338457487037
14.600977795032174
7.820604387689386
7.3094899612347115
10.142997788162933
1.7592157498606298
9.993952385294214
8.923599711759568
12.04750484811581
10.760426408078036
9.631341722124962
7.945772458466615
12.378637152764556
14.019298491089073
17.716094679223524
19.112109430614176
20.757940964650064
8.796961824954947
10.554975082763159
16.235468910656763
9.825874109249506
13.807939121711254
16.243653039269788
10.762649584640256
14.206730537804782
4.536555287520467
6.780213195020416
13.904244793194314
15.949810482101228
8.046616486621595
13.00740475044
18.331595571776017
13.951022465625229
9.267046093678601
5.003467634837199
12.451739349306408
6.821802705241479
13.598361746929386
14.843897022409443
7.26323980911422
7.914484409775855
7.076039213927098
12.820046711973738
11.776897623376733
15.031382538958297
14.828501862387032
11.370124146692698
7.476006495955354
9.750053712618108
8.154483154101724
10.460547597562778
7.2535791815501405
9.675238262812488
11.628326419841606
6.170483210758043
6.413187919948449
9.913970063626355
6.039468652475369
12.984188720415371
14.527250589818056
13.079207850186972
7.322260899085093
8.270199121291569
4.766860463766507
11.151890408652518
11.524493855176551
5.866261042567005
4.909777464087395
9.067024439930641
14.108000435434228
9.205136135598089
13.967760407075868
8.161096681789775
9.403233025657315
13.322326449175685
16.174085778140874
11.94688813191718
14.250775103317931
11.252339603233425
8.354443960374272
11.407803248889085
8.602703003749133
7.554051442679475
8.303585888555764
7.842823221122313
4.791057601838192
3.285884863947441
11.176723268454339
12.906657714159353
15.79742199216514
13.34082616789959
13.347062634716554
14.016754418945617
15.040510283859774
18.097519674278836
10.197255993791003
7.62459559495252
8.111740790908641
13.269297871956304
17.230497916471144
19.034294619660493
17.857918463195233
13.231523182763933
11.963954868211596
14.875446706841885
18.18000465468009
12.906419301976976
12.38557902316595
14.400512272332744
13.320217216412043
9.611683855283363
11.877617834222045
10.062438957080586
13.989075432137378
12.191572034643501
16.561255772149266
12.070850769819273
10.229798588971265
14.141772934342246
17.54316288012626
12.968535492819562
16.287754943254228
9.281409644425509
13.796873275925885
13.176530459476343
11.659661746014063
12.484694605157415
17.488427495738023
13.004235918200003
10.942481019240478
8.762368647476125
5.976259280549842
12.194573578417085
16.925201759056357
11.645367753481114
14.57985330042368
14.194677216988644
15.950683452405299
18.95771503153347
12.425712663034137
15.341991641913937
12.125644874665978
13.122704965247843
14.632269173332622
10.339711137784672
7.725105548811522
15.22818572686336
10.435535657820909
15.92002586026373
15.055892909075293
13.516396103244594
11.948210266810548
17.307801760291877
15.297973975467038
11.959478813173149
8.45469147840705
14.951043012967494
11.378855241607372
16.538088292016187
18.87071657411931
14.921778523527294
9.46554969180149
7.110782575244876
7.604665553343349
10.161410301696048
10.564437356091753
13.181701085022912
9.06088786055357
8.071632052706537
5.62462528598477
4.5533749836185455
10.629101282321074
7.819222385986768
14.027738425114183
11.707159279621703
15.400633262803192
10.590928520281267
12.873963289124223
16.320783004382598
16.293187394838178
18.34292936702281
18.30649562894983
16.516423751808418
14.503925368052688
16.795518228951103
14.018978581171055
10.912516702883195
14.427147520682933
17.133100947902086
13.18205052910622
10.264855443408536
10.03112789489019
11.802621701990091
10.94963321298493
13.2880533686049
14.052789846997985
13.731377709147946
17.498067685498985
13.371301087062305
11.829505021491462
11.093079896751483
11.198958980178958
13.142575145263146
15.082020008218905
16.445915986579582
15.128163022090307
12.62438125877516
13.826247624650836
17.266270093680223
14.35782113169327
13.549348702261621
14.86048253999894
16.55373426377903
12.47167075772019
11.368560222247268
9.397838778790355
7.94703237353764
6.855878446972306
6.202722460319423
10.861666017524342
11.639151000578838
12.80275452173031
15.482548792761268
13.811474747913778
12.030319564967323
13.221031283856249
11.32936287101912
16.639110247860067
18.256568537649073
13.972605030348351
10.389163862618743
8.326373049269982
11.170243507542905
10.162109367481076
15.12542983723371
16.477652477629775
12.135899154242596
15.15799241183558
14.820040787559288
13.344786175588517
11.262740181891973
9.675963642863769
12.850364264940762
16.517746599542956
14.81229169986573
