14.14
12.04740137
11.10266858
13.32379302
12.430269
17.36034612
18.7589709
15.99715442
14.32872696
16.89796498
14.32826002
16.8835844
12.63504428
15.94297266
18.25688988
14.34260637
15.2454855
17.50126151
16.17845319
18.66908404
17.7340347
16.02513933
16.90050448
16.30898394
16.63224228
14.57516072
11.52634309
10.17173476
12.72656478
14.73028068
14.16224005
14.49593971
15.06008535
16.22912529
13.36259375
15.7910854
13.2314793
12.73583362
12.44592173
10.43207637
10.97013356
12.57156855
11.85799043
11.15410572
14.3385201
15.65500346
14.81226121
15.83142251
17.77181924
17.47988227
13.85955177
14.81165266
14.90769897
17.9173526
17.19946476
19.07081528
16.1347268
17.00938955
15.1844111
14.48733242
14.9871626
12.48874798
16.96237528
15.55196727
17.86685017
19.04096696
16.97829982
17.85503836
17.04988802
14.09077246
15.10334001
13.55616215
14.93931205
15.57492005
15.90991314
14.5925011
16.87762218
15.92883071
15.6009318
14.36943227
15.8865263
17.9675787
17.30441481
18.55018152
16.59446547
16.06674246
17.43944258
13.93930071
13.42467402
16.69765144
13.11868676
15.7687317
13.67475958
17.45260115
16.33762951
14.27373407
13.34082673
16.70741296
16.2203093
16.52556786
16.28825636
16.04241377
17.31840221
17.48379502
17.33132624
15.59240098
13.91810909
17.13905595
13.6057161
14.74261159
15.42694195
14.32340556
16.83486511
17.2916416
12.37759863
12.79629223
16.52722572
11.45937331
11.00910572
15.97126906
12.07223982
10.00386692
13.92104461
16.26870479
11.63981887
11.73421994
14.74136776
12.63967443
15.96699127
11.95208834
16.29937581
15.92502091
12.20237882
11.88278154
11.52778165
11.0127126
9.383588638
12.10938325
16.87972254
19.28634039
13.61240222
11.45167553
13.33504541
14.09730977
12.68926474
12.74201645
16.69483048
12.38197847
11.07525179
10.80608408
10.2524365
9.651703454
9.533175005
15.77970043
11.84941967
13.42617706
12.99766899
11.6619501
11.38186134
16.5612389
13.62318595
15.46584695
17.80076523
12.45692495
13.73265754
16.11899322
12.08875138
12.26520066
11.46881945
10.05432894
9.170660513
11.94886572
15.53990916
17.1761693
18.91982742
19.63996613
14.12838453
13.40263577
13.59681844
15.03484797
11.40136835
12.46415243
14.19401331
15.84016732
18.53015934
18.14426673
19.20146517
13.26280413
12.79463739
17.1150778
15.67487436
17.08145953
18.4559444
13.93947991
14.99475223
13.13914442
11.14496685
15.54272726
17.5862286
15.06512737
12.07336018
10.10388463
13.147384
11.47553103
14.35484069
16.12041028
18.64443909
16.17727743
16.00182543
16.13617012
14.4641786
12.11037986
12.91204983
12.51963652
12.34636526
15.41756509
14.96706341
16.9192506
11.91706896
16.05748695
16.4818917
12.77755709
16.09629831
11.87749345
11.89953096
9.889947863
9.900307717
10.17885123
10.35402639
9.769557749
12.8105962
15.70250319
13.16892015
14.68757098
17.10639944
11.93900931
11.70937157
11.45845396
15.78566995
15.06838725
11.38946516
11.49342555
9.94851901
13.95186058
12.31144648
15.19977458
16.39209659
17.66610868
15.03220756
12.91992244
15.97060134
14.86581963
13.02211835
14.5368428
17.24134994
11.48268252
10.4349438
8.913772055
11.49583057
12.77760361
11.00924731
9.833613641
12.99022742
16.23214794
11.76891883
11.26237018
9.824870902
9.146904383
8.140390262
9.219436964
14.89446297
12.45128923
10.28141708
10.37617306
8.691208701
12.50065868
15.44651286
14.8076771
14.46724932
12.9612365
14.40973365
16.0144585
14.24438835
12.00044141
15.36545606
17.47955421
13.27152975
16.31896171
14.8638344
14.18367953
14.6858989
10.37672379
13.7382121
15.20703653
10.86596561
12.42114505
14.07022147
15.25672317
12.09018028
9.976115359
14.24888272
14.37390698
13.34373116
9.753611326
12.83723329
10.45944198
13.9675405
13.13143014
12.13353603
15.36376391
13.76168974
12.51061448
9.332256504
14.09474185
13.53863359
10.43459109
9.207362271
10.54833885
10.09264496
15.19524262
16.37864944
10.83989205
12.46251372
9.543631888
11.5410894
14.44048687
14.27541812
13.97984649
11.47971942
14.33256075
15.83597643
8.940017343
5.074793994
7.370803936
4.723697761
8.398086372
9.046659498
15.07386476
8.539097824
7.872223359
14.97226637
14.22418198
9.770392899
6.814352315
11.99290125
11.30917218
11.34510205
15.81711891
14.17519846
8.908458891
15.30216753
12.29582098
11.68562663
7.611162512
7.743704626
5.9389997
5.177783407
4.30745238
11.33764625
10.34029587
14.27473752
12.42723669
9.146698902
14.41265137
8.437086506
4.852464795
11.62536523
14.98622226
13.76903197
17.50221907
8.822255183
14.67172636
16.88887643
14.87179771
11.19947744
10.53850019
11.67676022
7.796548092
9.335616332
8.5678256
11.18655214
12.93013374
13.00208471
16.40413197
17.92780413
14.20713646
13.63468004
16.11359219
11.7001794
11.27189795
8.8032799
6.790179114
10.51775925
13.58933964
10.18299866
12.78402394
12.11940108
15.64437688
16.77879778
17.56985731
9.292034165
12.80040057
16.3214747
15.60263615
8.654278357
5.422714075
7.984399112
6.53804992
11.04047306
7.354598797
9.617506422
5.651423687
4.314107251
12.01776505
14.67183164
7.275583259
5.487302561
7.015505565
8.946049219
7.560882032
13.61092852
15.57513629
16.59860701
12.11417138
11.7617601
7.906483207
11.17457961
9.136303573
5.879542146
5.060386813
10.15511958
15.204542
12.72489556
7.107716799
8.02034235
11.00085234
8.421298073
13.87134526
13.3064421
9.455888121
6.642633056
5.350229504
9.045733474
13.9490748
9.450741977
9.851476485
9.354769763
14.79768376
14.44365907
16.46334017
9.132638943
10.53236345
10.78121202
14.79584564
6.774187341
11.37069958
10.34045317
14.80298688
8.928051709
9.412882377
11.2422865
5.577887631
9.200006391
7.875786248
9.062446301
7.486011598
13.13982875
15.82011608
12.47223159
15.21168695
15.4815882
13.19916265
10.7134103
12.28981431
9.898848714
14.2353112
16.47663832
16.2119407
8.045135135
14.10926491
16.08945515
9.944955495
11.7350379
13.67417836
8.491138921
9.265335115
13.28329405
10.9247562
13.52757662
5.898027176
6.956727815
9.458810687
11.36454347
14.76295122
12.6872385
14.42573455
8.501295309
4.934785427
2.350918953
6.589012569
5.733049228
12.5501784
13.094741
13.85500827
11.11848641
7.577937532
4.458431815
7.17417184
10.68888773
15.08062935
8.953003795
7.476286112
13.37989736
13.65091559
13.64262412
8.184265535
10.03347542
11.33732514
7.028168835
3.95028015
8.764238824
11.39219373
10.015155
9.90491847
7.545765421
9.168748209
10.38824209
6.917332077
8.400600204
11.55156986
7.683692715
11.69335038
6.370578823
6.917936306
3.643548026
7.187000925
9.128323063
11.27488072
12.07910899
6.21408556
10.75165268
10.97590511
10.0375265
11.54954358
8.687056337
8.761951173
6.886955417
8.48344731
8.66992613
4.380472428
3.144309313
8.019759673
11.47443306
8.782905168
5.910460704
10.65844361
12.55169631
9.763821672
7.088184672
10.25016028
11.08421508
12.37568386
6.954856586
3.814777919
3.608515845
6.925476026
7.108785646
8.04893482
10.5738278
7.728905182
5.105450223
2.573735136
4.285274045
7.764764755
8.251747585
3.76260075
5.530749376
2.924142595
6.904211736
6.964103414
8.868945638
8.380942469
5.785130222
9.451704132
7.238586672
8.214492594
10.20190096
5.781475015
7.418244234
10.23012865
9.802658144
11.43663535
7.899884715
4.112565957
4.425838205
5.099318168
5.208929222
5.559694293
8.867249113
6.809962373
9.437910438
10.44785536
8.31801204
8.688233021
4.467222148
6.970019506
9.271459362
5.861353203
6.339176892
8.590860239
8.805345318
5.076859313
7.088862964
9.192042566
4.57562698
4.864626016
2.278944246
3.097657302
5.732145348
7.854733142
5.40075293
7.308224809
5.638226648
0
0
0
6.052866989
4.287464864
3.089392394
0
0.033574263
0.726254944
0
0.34412403
2.653155776
2.319085266
0
3.177036272
3.96567686
1.897682284
3.711455294
0
6.951175539
6.062192715
8.900632975
3.311966269
1.269375734
1.126413647
0
0
0
3.008267955
0
7.779368122
10.62024035
6.997187456
1.910612301
2.107698215
0
0
0
0
4.431477069
8.254970422
5.952425857
5.127124687
10.49532039
6.509896648
3.333800885
9.159210878
10.16247053
9.120037559
9.886723429
12.14586023
14.01424234
8.159656322
12.15671934
8.488999671
12.46551327
13.9310497
14.59290658
13.64047817
15.25574032
15.47293288
8.483739099
8.854054949
10.51810393
11.68292288
12.84403113
3.465653361
3.479897657
2.435479153
3.340161092
5.284883028
1.193336844
0.473762637
1.686072915
3.797739391
5.59847301
0
0
0.849720638
2.373673448
0
0
0
1.455871077
0
1.622007799
0
7.980597068
12.7813611
13.51208676
11.1525368
1.300497538
6.900410343
5.439460087
2.921110352
8.927305487
7.849384663
10.48449847
6.63639065
8.416235296
12.7272837
5.15610377
5.433447975
4.637451185
1.833602441
6.40761523
0.728921964
0
0
2.126741912
1.680510148
0
3.901626793
4.875203475
3.170376187
0
2.342360697
0.568429899
0.742382317
10.24543708
5.754728404
13.40328314
15.09461495
4.363718256
4.696895406
5.513308259
11.54235981
17.3435135
17.28365065
5.948583055
1.668830266
0.036884438
0
4.427660434
6.956319595
15.17441403
9.210180773
3.185890456
3.971378273
8.390635156
11.87921036
4.349257855
4.969651434
11.5334924
17.6023631
19.57313247
18.71944272
13.81579805
7.86712781
1.042149485
4.431338546
13.90897605
12.92480327
12.73561686
15.36228579
10.56348927
12.64373933
15.36529884
16.36484544
6.560986105
11.54958185
12.63339992
13.70566571
16.9956769
15.25138263
12.42203711
16.82518741
14.40526773
7.227595312
8.352294221
8.486584373
11.44130494
11.435192
3.152517293
0.018556824
5.37073887
11.10541503
4.767709996
1.234378205
10.83490238
12.29773045
6.394748024
1.175172381
4.929377928
5.183959398
8.353228154
15.14968451
4.590211845
3.900376325
0.505227862
10.1738687
8.797369669
5.512950012
2.902669224
0
0
5.104418147
12.78478168
5.09980747
6.11524486
13.04873429
12.93681438
4.442249025
8.533741669
5.949518423
1.078634761
6.94501613
3.076495632
9.637884434
2.31503111
0.656647247
11.26816606
12.96264074
14.68169388
5.732283939
0.814835344
1.22872466
7.883374685
3.407709195
8.762736
8.943897389
14.19169173
14.68168717
10.61896527
6.936618813
8.498336459
11.10167811
5.245769954
4.007277934
9.563776156
6.102145392
6.256976994
4.243553665
8.565084106
7.135038854
3.923422578
10.64823687
8.274760296
13.22111005
12.12168391
10.95712079
14.55743647
16.83665717
14.31286516
17.77178135
16.81274206
15.95892214
19.60409521
20.02866653
12.5299586
13.79938263
8.390969284
6.209069277
12.18758356
9.06164682
6.926316512
8.832327527
7.157838505
7.787352806
8.711537318
10.61287318
7.299751829
9.897996031
6.849454907
9.217357484
9.317369122
9.143802632
6.022189263
11.27844782
7.190756781
10.64363932
9.457092895
9.073133161
12.51264559
17.87552246
16.65513206
12.85846585
10.14581485
11.52361313
16.48894343
10.72487317
16.0940141
16.75020931
18.770277
11.55160589
6.536693551
12.5316759
14.92623963
19.26280871
13.27960198
10.33565898
8.427903554
10.46790818
14.37983958
8.40279465
14.24106036
9.759639952
14.75662986
8.421382729
15.82400797
12.52793227
17.33720055
20.26596726
18.0927296
17.99697586
10.57917955
16.93123531
20.79651775
14.67113543
10.23881693
14.67004003
12.82552089
7.631671961
14.69875864
11.09643906
7.771548323
6.472886666
13.27427929
17.7248105
17.88397176
12.59233941
18.43221276
11.48107645
16.67045758
16.16256295
18.35116145
14.48593209
11.1370388
8.649659124
9.880809511
16.17071657
13.21168289
15.26845448
17.08109703
10.56819461
12.25640132
13.28654805
17.59498926
20.72621168
12.10801756
13.84465905
12.44353311
17.09507455
11.51336268
16.27587545
19.76826012
22.11498998
16.4751747
9.734913774
9.080715258
11.79169756
11.98418445
11.05074751
13.88136331
17.61026484
15.80857704
17.07460803
17.0606506
19.54530481
14.70163821
14.78569397
18.64789052
13.4783932
17.09985852
13.14198061
14.21920328
14.88981722
14.02424941
14.01745352
14.99835048
17.1241303
14.20358637
16.72083298
13.30389153
15.91210143
16.07012181
15.80977982
12.8510415
17.64335187
17.02564643
17.85106796
15.64510019
14.11884536
10.66041862
9.878918537
11.76121363
15.41843422
17.63712497
17.05464017
13.99641658
18.56521976
19.24185745
20.05116308
20.59395515
19.92218808
14.53652911
17.94813507
15.53652974
13.11102991
15.53939884
14.19473063
11.19067364
8.626958691
7.447330452
8.773577972
10.81829312
9.004243106
10.96449263
14.49712251
13.21300211
17.84338783
19.70836242
17.00444129
16.72372323
12.43323789
14.04598198
15.53894986
19.08965912
13.13310501
12.97478358
16.2639235
17.94615658
13.82167623
12.60866857
11.26220195
10.63995149
15.36891943