14.6
16.89012782
17.40831429
13.77117851
14.50618134
16.9899451
16.78781056
18.15534726
18.28029383
13.5301756
16.55853066
12.28982289
14.79048775
13.8615706
16.15413596
14.12044194
12.90005992
17.25064837
16.80074839
17.25692535
17.50895102
16.87609037
15.87431696
17.69818583
13.94085708
13.09029766
16.50338851
13.40843069
15.52874737
15.17122447
18.27030008
12.79215756
16.60296899
19.19756712
13.65480005
12.20654672
17.18824474
17.65488341
12.75154811
13.10297081
17.67888313
12.60554685
12.74422002
14.64831808
16.59395665
18.55700325
16.23954223
18.31565732
16.48147766
15.41607298
18.0866423
17.7358424
16.34422654
12.92016579
13.59101306
11.39000505
9.881885254
10.18882145
13.65038662
12.4673256
12.40128408
16.20760199
15.5324464
18.44439925
18.27272831
15.14043248
14.91691169
15.61527911
14.80847409
16.2090232
14.67790884
15.77707978
16.66416669
15.42159614
16.5000762
13.67566094
13.51599953
16.63554707
11.82575661
12.14226365
15.32182798
17.22356092
18.30248885
13.73365397
16.84026809
14.64304446
15.75609908
16.5081171
16.74794947
12.55934503
16.48133435
17.5333098
13.90135129
16.31158823
16.73424026
14.07563892
13.11293534
11.1620079
9.839875118
13.14011524
15.9676268
15.69078972
11.93945546
12.77152054
10.49865931
12.74522867
11.278241
9.425819091
11.19100856
13.1550224
17.16358833
15.55577409
12.11596807
9.947507063
14.25903249
16.12382566
18.27717174
12.4792661
13.17823671
16.58445567
16.83345399
14.5314048
15.58965194
13.47573013
14.69099536
12.71495491
9.990287581
11.38662502
9.122332026
8.809228561
8.957922865
13.59256316
14.93674472
10.84201473
10.6580587
12.53978586
12.20009715
15.02716401
13.93860574
12.47038785
16.7926139
12.63352642
13.61250771
13.78289837
14.27836926
12.40079311
13.82911979
14.41306135
15.36184351
16.31923297
15.48830353
17.49555007
17.89039347
18.83212343
18.0667086
13.58008505
16.43037028
16.53259622
14.41486276
15.029896
17.14203141
18.79561291
19.40329367
15.27484823
14.11849796
14.8463398
13.56524306
15.3889627
14.13225256
15.89451082
14.68614551
11.16528711
13.42160055
15.86344016
14.43087211
11.10395444
13.00826476
15.94609142
16.9501694
17.72227912
13.52462409
11.05542011
15.3271143
17.02904706
15.01195279
15.38814025
14.54107612
17.12622415
15.26458439
16.78254324
18.33150179
15.03492332
17.88983939
16.78546516
12.02371824
15.26968239
11.7460754
15.93655251
11.65824481
13.09663812
12.61485217
15.84824186
15.61272931
14.07961685
16.08500816
16.98471438
14.7759669
12.5584787
13.3471255
12.0197471
12.67719347
17.02780399
15.24782708
16.57483611
14.03616693
13.32651086
13.73736283
11.38981845
16.49343356
11.80069566
14.77975843
17.08529407
18.53637721
13.53931923
13.09371535
14.68786386
12.75965919
15.88565732
13.66378401
12.43882356
12.70446111
11.50132065
15.50357178
14.94370375
16.71142837
17.86651563
12.81760199
10.77350708
14.42517775
13.4263953
13.07041177
16.06414543
13.14322779
13.92133426
11.72535292
10.01020513
11.64942338
15.97652338
16.98000864
13.37321287
15.08441262
14.71155976
12.88616661
11.68499712
10.2475817
8.855065922
12.78025545
11.32449654
11.85533456
14.4325137
11.91386331
11.71567191
12.19770466
15.18518715
11.26097861
14.56262264
13.42190744
15.16110384
11.64991036
12.83200367
12.17119181
13.96835341
12.4186825
13.56026455
12.95655752
15.35310438
14.34163399
12.77049764
13.25999836
14.82333968
14.03892555
10.26955359
12.1371731
10.54899157
10.31699423
8.423709538
12.00646724
14.78840697
14.94276881
14.28824316
15.15950049
16.95285096
13.18158812
9.886403733
15.02763531
14.51367109
17.0206551
17.20288543
18.06150533
16.33463593
13.45823875
14.61781889
13.23035429
11.64150189
9.466961237
13.35534898
12.16405539
10.15809656
10.464518
8.719536643
7.911159029
13.58460948
14.29510455
11.71911795
12.76372609
14.48365815
10.39290692
8.318832377
11.74378923
15.59658781
11.4572024
10.15088653
12.67710672
11.85487412
10.92740761
14.39978064
9.958156475
12.75421681
13.97920908
12.87060552
7.389759461
12.93095645
8.261683364
9.460713258
7.009580517
7.717901169
12.02865142
12.9421882
7.433133193
9.261775451
8.14966251
7.353845338
5.92789609
11.09094907
7.461803934
6.591028846
7.202101656
7.995270472
6.235391577
3.749533809
9.451628339
13.77641142
14.80608124
12.82996606
7.088344982
14.48255909
10.80598717
8.938522453
8.478123015
13.17609015
13.82370045
13.98084959
12.73297198
6.9815561
10.45638176
9.830110247
15.87650015
7.61447992
4.928309269
13.81828992
8.484484441
5.061244512
4.720625909
3.59698004
3.344683321
9.006967534
5.160805392
13.02721745
7.596726138
11.21750265
12.61721508
12.98205347
10.7379221
7.623635182
8.500053445
5.489302609
8.042703618
9.647210494
13.90377579
12.08128906
14.14753832
10.97638666
10.52059188
8.910077364
7.253522539
8.515581152
10.34074097
6.848493978
5.49422815
10.90832209
5.427697407
13.040539
16.31269288
12.87778919
7.301139621
11.71625386
8.103424569
4.737240274
7.895430611
10.39795974
13.498015
15.43199435
14.70282623
12.10169162
14.59795634
7.353646925
12.37722439
11.84579105
6.278386543
8.408522053
12.87566508
12.87410695
16.56156312
17.21456784
12.14553525
11.44067491
14.93307486
12.5528761
12.09251806
5.798926321
6.326663876
6.098746788
10.45437574
8.55623626
13.63092556
14.31840989
7.409079234
9.422196052
7.425124007
9.399787942
6.075018595
3.263297004
6.216853644
8.089837935
11.47194561
8.73445698
5.62388264
9.106817974
13.70498784
7.665430623
13.63011277
15.12764838
13.89338978
11.30339997
14.24438049
7.626136368
13.56938382
10.27071711
12.37298255
12.80764012
6.996811889
11.31927608
14.85786805
6.423754591
9.437012238
6.11822818
6.039023207
13.51429543
11.18485361
5.423198778
9.770012634
5.485621453
10.32921277
5.816564017
11.77304045
10.33584426
6.905862716
3.407150746
6.301346767
4.457133035
2.379984011
2.708353829
10.67880104
11.2747894
14.56640125
10.16418438
12.460522
9.493432053
5.311818625
2.80106333
11.97937816
12.96676663
12.6086137
12.66901521
15.29781546
9.7446443
5.571057475
10.02691051
14.59562527
7.446329066
10.77073565
5.288497059
9.851103377
8.58487436
11.42591418
7.270652672
4.003843704
4.916642414
4.523495063
10.76995017
7.809828802
9.503417665
12.37419553
14.75570468
16.4976348
12.20398357
8.443066833
8.215033995
10.40822319
9.246452884
8.273563414
9.997615787
9.275352577
5.550256917
7.000632346
8.862250358
6.928206653
7.855762299
11.64791646
7.271522676
8.042401342
11.12875617
11.13378909
13.02849281
12.06104349
12.59875288
11.2247183
12.30713042
10.68440675
6.505663031
9.762380421
8.659493767
5.660619209
4.489186936
3.364778734
6.940862594
10.96790268
9.945955337
11.73892111
10.65779932
9.409752811
10.39254728
12.14581005
7.39650907
4.936044952
5.253927891
10.29963461
6.76252417
4.726771408
8.314068576
9.087332175
7.41785597
5.8410205
9.856596193
9.934504702
12.41778797
8.524682137
10.70180228
11.99664127
9.511905049
10.37085755
10.55971604
10.62798648
7.472159738
5.590910286
5.748124934
2.867117719
4.194434273
6.878155981
6.953245981
5.135399063
4.127583023
7.662436724
7.060341766
5.528037877
5.756207119
7.432033612
11.13322506
6.236659793
6.960830927
10.10650068
9.183019546
11.00718889
10.72321988
6.625111398
7.523232401
9.07524667
10.42376566
10.02135776
4.434607057
6.702600085
10.10146053
4.92069243
6.082456445
9.88734882
4.468132312
6.483423176
4.937601223
4.367431449
8.245279311
10.56552334
12.15759747
11.78490634
5.436339068
4.280079726
4.186085178
3.97971877
3.409665547
9.11513607
6.24947119
3.779749478
3.221093986
7.426118818
10.48447777
11.60339551
1.41806689
0
0
0
0.018151807
0
1.894979455
0
7.068415878
0
0
0
0
0
0
0.85296799
2.906878027
6.260855038
10.57224551
11.96644144
7.057463425
0
0
0.595100646
0.926464612
2.830444845
2.936407007
4.851329356
0
0
5.944937295
8.073423464
11.98861724
9.736916689
6.962820618
1.009193186
4.829391851
3.052974768
0
0
0
6.44099806
5.92869657
0.254846468
2.76972185
5.566399449
2.448410516
0
4.101478549
9.194364836
6.378862845
10.01984821
13.54566164
8.703153972
12.58269908
9.522414314
5.265362529
9.204592298
11.584796
12.73777453
13.10174115
6.71962174
0.690330316
8.428721193
5.592505213
9.756891336
10.13589535
9.822382652
9.534889611
2.406349479
7.977166887
8.063168899
8.387197546
5.937826125
0
7.558261486
4.487262387
9.324922397
12.8449908
11.97022424
14.55172358
6.451844724
9.924583093
11.79617315
14.26011306
13.87575822
5.642808032
1.660174391
3.552931868
10.31844941
9.958680781
2.926223589
0
6.571460694
1.650035969
2.871968336
9.908035412
15.26368292
16.69993787
16.36331155
12.52961048
13.36623341
8.56384544
13.02800607
6.015271193
7.864014061
9.338893619
6.631691361
2.490070557
11.12518831
2.663764497
0
9.975223254
4.470613938
13.17756757
13.68378712
13.79900328
14.50217298
18.22951863
13.20442455
9.727377968
2.615757035
2.329330743
2.177410953
4.501198974
0
0
0
5.350073002
8.697174154
5.713851776
3.650298261
11.80264518
17.60098529
15.44726912
11.13741458
8.37373961
8.348314239
9.305778929
11.74461824
17.68435913
6.520383855
6.477681114
9.332444497
3.051615667
0.513175619
1.56598879
8.680397963
2.448841589
11.09740699
4.090859184
9.616104909
16.88627545
19.82637743
8.817873053
4.395845143
12.58410974
6.616150342
11.1007333
10.4807576
15.26729281
19.42324174
14.47416643
19.02214926
8.868186809
12.86968926
15.3361821
7.25848203
8.06235425
4.359529095
9.569493147
12.04152021
6.037153276
10.97368286
5.645458673
3.28912984
3.155684883
5.482989158
5.137391883
0
5.256053736
7.425792342
8.110326747
7.04503266
11.26307016
14.15456293
10.1199105
14.66507949
14.22214818
14.62437702
18.02849677
20.42207317
13.42256464
17.19474527
15.39553066
5.203018257
11.41700252
6.456966965
14.82535782
17.39223805
5.863094727
1.798786035
13.19685429
18.97548261
20.16161956
12.04201196
12.98703139
7.1312691
11.19799493
15.45817663
14.24186201
8.349451628
5.063676525
10.18317819
6.546528527
3.111335959
8.353897141
13.27515884
12.87364999
7.742420368
11.82571127
9.797442885
14.34201546
9.171866442
6.192876034
9.533625676
5.70992245
11.64301786
6.275060292
3.071254717
6.406997223
12.06091878
9.234558354
11.83384764
6.791336576
10.43127644
12.96697435
6.60080836
8.011181603
8.536783055
8.941194122
9.397419726
14.79768648
17.68425729
10.92162286
6.49686802
11.8639395
17.42187396
9.268374032
15.10476574
8.737911531
15.17596862
12.6464571
9.307455516
5.420060918
5.337053042
8.805989695
14.6403507
18.57640144
12.71980111
13.7267028
11.70215827
7.475130795
4.290229877
8.100315964
5.114171598
5.408660855
13.1901811
9.162089751
10.539675
12.81171758
13.68805682
17.56615342
10.16821552
13.26039215
13.28705921
10.03886251
14.99425414
15.19550464
12.50891902
6.87637053
10.57482014
12.44670778
17.90192846
19.8839469
16.62506131
15.48645757
11.03039889
12.76468706
7.382611747
14.82712497
11.78893316
11.82020043
11.967101
13.22909762
15.0860087
13.63119484
16.37961358
14.9316825
11.47850704
6.369230925
6.69701507
7.701664438
9.88551482
7.663695282
11.16851601
14.21647608
10.69863706
8.359420721
7.819179593
4.726146125
5.304609067
11.82020276
12.6064489
14.55512941
10.56270045
15.45841461
8.947932984
7.121642765
5.796151084
12.46516387
9.468876701
11.96858622
14.00597639
10.52834651
6.800921008
4.228627596
8.692457683
11.79033813
11.45966825
12.69458464
7.746848029
15.18726622
19.28690925
11.53568728
10.22182169
11.99197602
7.564500472
10.48366985
13.57688577
8.217075707
8.297986269
8.58952656
6.652352765
9.965215196
13.03590243
10.4752814
8.773349065
10.33990531
15.54113731
10.72438742
11.58607123
9.491771416
13.77445747
9.890906132
15.52533579
13.5999572
12.41301169
13.91800725
12.88202705
14.46725892
12.58979474
15.15446543
13.26029995
9.517186062
11.06903232
15.1803637
14.2047818
13.34220036
10.32954552
8.378586886
14.42047813
14.82867119
11.16132968
14.86968919
17.21036947
11.48490395
9.585587055
7.694375481
14.11425736
10.82731691
8.285391358
8.611603989
12.58745324
9.407495581
12.75044727
9.674529704
9.704865247
14.94953151
16.16357194
14.78496495
12.5694271
17.67306514
17.31354648
15.54118327
16.19656439
15.05408415
17.99031014
12.4975796
13.46679334
13.19997786
18.10693551
19.05736028
19.84096324
17.61912706
12.99834289
12.842571
11.53470355
13.41260383
11.06903818
14.25050092
14.63555296
16.71023716
15.35599672
16.9450225
19.48641509
21.91778042
18.98800284
14.87676024
19.06196931
21.22241838
18.50208872
18.91436689
16.93267414
13.95413699