12.457538804121954
11.69436319772782
13.607637391990455
12.852155179207497
17.062091131241928
18.256509373468507
15.899634364887337
14.4745164544621
16.66576015466474
14.471190979339983
16.650188422814953
13.022496047091883
15.843427262894314
17.81592480304076
14.473117368972808
15.241278370730408
17.16394141004635
16.032565443648195
18.155543505596864
17.354922095875573
15.893795411544374
16.638041523686507
16.130371638713758
16.40334718792083
14.644900397714059
12.04011149338474
10.881182843885362
13.059477019238301
14.767802469875848
14.279078124128025
14.560605517878924
15.039093453858635
16.033951856111354
13.584873206868277
15.654671465983881
13.46759091696031
13.041953278369803
12.791866656064586
11.071592413916054
11.529575206228845
12.895237704040474
12.28581867188809
11.678601659311434
14.391957290521233
15.512150474170358
14.79001959256646
15.657034165636203
17.310320027248753
17.058537763647227
13.966279897445977
14.77622937309108
14.855652859520989
17.42161003713896
16.806462731900666
18.40103762262243
15.89291566900964
16.636977386718794
15.077165090626842
14.479928226349477
14.90418036650437
12.768430435784094
16.5835581638861
15.378134801519769
17.352317983434197
18.352506440082795
16.590215578165747
17.33645082965296
16.647366492954053
14.120120767179747
14.982407949161903
13.660237107692566
14.838865655858548
15.378596693939864
15.6629849336485
14.53754426181965
16.487195909387694
15.675590265801347
15.394203764266669
14.341879760788888
15.635354456535152
17.410166277251257
16.84310326864767
17.905203890371343
16.235153467304034
15.783855649330492
16.95403789381866
13.966070366965173
13.526378759524901
16.319241451156632
13.264611545124843
15.525930332846857
13.738704513080735
16.962580367991915
16.010929270101784
14.249453738379222
13.45321769728308
16.322803003115816
15.905574986391567
16.165380283170837
15.962393011161598
15.752159170298244
16.840580284168972
16.981078391839343
16.85019475915353
15.36528118572946
13.935323938289276
16.682827346261554
13.665949262186224
14.634549242419903
15.216792105002932
14.273121337056793
16.414427166437868
16.802183963106145
12.60508490213558
12.960329746370713
16.142831034962533
11.815862682114924
11.429304309848018
15.661657939798385
12.332056461379047
10.564881630003196
13.904475813617305
15.904927741991225
11.95163500306014
12.02927399381061
14.59266731223536
12.796095823385963
15.632687548160831
12.201615576762476
15.907993011480993
15.58615851399044
12.407394769173083
12.133331953443474
11.829265030469688
11.388684353311753
9.993005181065957
12.315388978895072
16.529557892322334
18.641382355325618
13.821680240294272
11.985395114310183
13.59421805541854
14.242078704720393
13.038510417349103
13.081911791241101
16.45298862975807
12.769741203157785
11.65182735934448
11.419313170981438
10.943976294976816
10.428406317774037
10.324352920785419
15.65236463351902
12.295403272356884
13.638283924955092
13.269912394637007
12.127351573959215
11.88572698834514
16.30367388056885
13.794272866092447
15.36378659194082
17.353748033759025
12.79070971077591
13.876998751210882
15.911232140125685
12.46970316634815
12.618307938695004
11.936398306031652
10.727201085624678
9.97110316020953
12.340194260235018
15.403549102990715
16.798909007217194
18.284591026600523
18.89723109528596
14.191856883729054
13.570918380746079
13.735232095714508
14.961197454732371
11.859216407815376
12.765252804352722
14.240685345880662
15.64423848371093
17.938965172410136
17.608995655475596
18.51089188298171
13.442568069022256
13.042897303251886
16.72998947095147
15.498648754331816
16.69809346445494
17.87069472532024
14.01604542639479
14.916341999953062
13.3323541452319
11.629965988240054
15.382362553289756
17.12542217844424
14.972918224359859
12.418412873445256
10.736206318442235
13.332075953467763
11.90444981377879
14.36021887775492
15.865249506935296
18.018056769302618
15.91101081742945
15.759544652607786
15.87236563897567
14.443553957319397
12.432730829079947
13.11466376447203
12.777418018046607
12.627135090184733
15.24564142040547
14.85865112334748
16.52211755324253
12.250628043534071
15.781486176586025
16.140998914779544
12.9769585135955
15.80641883550706
12.20321410968975
12.21911723033354
10.501151493994874
10.506953919890037
10.741573560907312
10.887939439249303
10.386021760659997
12.978174064943993
15.441387633649214
13.275490370485176
14.569132710999178
16.631545171561225
12.21916957244805
12.020479019379234
11.803469500636075
15.49343069302461
14.878320857292948
11.735765536473313
11.82158738915545
10.500258889080907
13.913862524441324
12.51098975893825
14.97299140884644
15.987663182411982
17.07208024031774
14.821447607938689
13.015957244869073
15.616636594590538
14.671044630718889
13.093295484383853
14.382643835265739
16.688556998475242
11.77239052802036
10.87610418305993
9.57563561685156
11.776882215868604
12.868452336053677
11.357036827951902
10.351507579734152
13.043187746314427
15.80770307176527
11.99654129825411
11.562091334639327
10.33324095076911
9.7527246258167
8.891879985466126
9.810996991732342
14.652427807583678
12.565810245285267
10.712614236118874
10.792242375375704
9.353123016383453
12.603126102733482
15.116240991785258
14.570243921284781
14.279008233185541
12.99311152606887
14.228651298792775
15.597550034096493
14.086421886628479
12.171006250931056
15.042547983541768
16.845953991337154
13.25440420569307
15.85480585730684
14.612636568197264
14.031727503417612
14.459734407955324
10.781525479358491
13.649491101651503
14.902158422676292
11.19594253560348
12.521874738129691
13.92833705881123
14.94019807703426
12.236698535740784
10.431151958189595
14.07603261913453
14.181059064681403
13.300143129345427
10.234492621585748
12.864264247324478
10.833169631129993
13.82384615061505
13.10832440006678
12.2552353542937
15.009987374419872
13.640536554032739
12.570445036303497
9.856232323655576
13.919100128224475
13.43917819401197
10.787130464712401
9.737741675235359
10.879663031409828
10.488109609407262
14.839975915157087
15.847133558391064
11.117453808028664
12.499377220790826
10.005506342811096
11.707286986542213
14.178796155571192
14.03504412138625
13.779873760198715
11.643286445374484
13.99384805351376
15.240096596504646
9.337921212673042
6.030409090190668
7.98441107876444
5.721329226185802
8.853688724215921
9.404044145695211
14.544668492205014
8.964788735984586
8.392656921295304
14.447189666485103
13.805935916973283
10.002980835810964
7.477700065006598
11.894358643158299
11.307998797256761
11.336635234059639
15.151428065294589
13.746225663215945
9.2482670980499
14.701824240704745
12.133414442057518
11.609973959701714
8.130110672663356
8.23917557055568
6.695935070511805
6.043671004468321
5.298519011116587
11.295885462173343
10.442562109775718
13.798790692575736
12.220931779222655
9.419735534645927
13.912130189960846
8.810903416867372
5.750175669687294
11.52874736416524
14.395488972330014
13.35533826135989
16.540024345862463
9.131338553757715
14.122402942114661
16.013766366823234
14.291737016965664
11.157212749983064
10.592689273593276
11.563717121256127
8.25204847491473
9.565312662590465
8.91085385033287
11.146001138247563
12.63401089192131
12.695199445108265
15.598134426892035
16.897870765795613
13.722118176839027
13.23312631817016
15.347924940271913
11.580572463327979
11.214079872538315
9.106279539247126
7.387133049616542
10.567063348701751
13.187057860707714
10.278637358050846
12.496784155193787
11.927907480327928
14.93433022918082
15.90053725324817
16.57363487618108
9.507159548344495
12.499127972195081
15.501860225115793
14.8861431826278
8.95405555083261
6.193838229581505
8.377527324891146
7.140648976179771
10.980439383771428
7.832188206833654
9.76067287955838
6.37324387676085
5.229185265830367
11.80073824285352
14.062835395556455
7.747800165134517
6.218592245723087
7.519680581021082
9.16411681229395
7.978843229766099
13.138885949373186
14.812007794887649
15.68227155631769
11.852002358445269
11.548802031270988
8.256526110816651
11.04121724079085
9.296133806748335
6.512571760605802
5.810819968296421
10.156688376739236
14.46325434875539
12.344200221566648
7.547420863248427
8.323234996278103
10.863798188951154
8.659368582082521
13.308386513901322
12.824543400723266
9.534306179247842
7.130048118915525
6.024029347025165
9.174926449340678
13.356702511763514
9.515037148509748
9.854334690380242
9.42776155448478
14.070202341860242
13.765557946888011
15.486701248823136
9.2282789478495
10.420637224660577
10.630943463488506
14.05511027480668
7.207464284340603
11.128419283090825
10.24747283133921
14.054212064475834
9.038864043324995
9.451080013014671
11.010889669905401
6.175538753171889
9.265556737689383
8.134459138770472
9.146301702151085
7.800179389770416
12.624535468650185
14.911319186715835
12.0536466003534
14.391055588401715
14.621069943395188
12.673049541992349
10.550024019215027
11.894638818042102
9.85384704787343
13.554396279696395
15.466915434284555
15.240716543558733
8.270677299782362
13.445351232317343
15.134683861329657
9.890150460709796
11.417019667558808
13.070966174830701
8.64665147672535
9.306203604264084
12.733895593794287
10.719755451854661
12.939547365107746
6.426848211060491
7.328666959320827
9.46221830912028
11.086738176243973
13.985027029429201
12.211498066539638
13.692976609852742
8.634737606187269
5.588730645491039
3.381315022033294
6.994445018116703
6.260996817425074
12.076099978110731
12.538188631945307
13.18431037060719
10.84698445739448
7.823806556608125
5.15922525081061
7.474170329250045
10.470848938197175
14.21591975733468
8.983594653681441
7.720391383639162
12.755630391318306
12.98391246895135
12.97376857315636
8.312424501894853
9.887432660499325
10.945002242117253
7.24267643184934
4.603740685952522
8.7050689475852
10.943027420082226
9.764020111226518
9.666520765834761
7.649957393498667
9.03189354227491
10.069530373134324
7.104361368603834
8.368046349141615
11.055342371591665
7.750229515916752
11.168631465969682
6.622960334579157
7.08707097485489
4.2897320801509995
7.310885608462328
8.964783098130475
10.793853819980507
11.477415694661078
6.446022266164526
10.307486322838793
10.4942453568671
9.691438669823926
10.980818564104704
8.537296749928313
8.600687809191989
7.0000284354250955
8.361923791460514
8.520428736598458
4.858991250797351
3.803109574470783
7.962814859446359
10.909889766003733
8.61162727166031
6.158925670351212
10.209534160322521
11.82382135118763
9.443070552857995
7.158059976253648
9.854767101041569
10.564727028772678
11.664920468446665
7.036670030611205
4.354792717147072
4.1766373099172736
7.00520161194307
7.159452922820979
7.9595589137263
10.112074643096424
7.681872852529683
5.440579566987271
3.277458753492098
4.735526305314824
7.702330907853918
8.115242440291127
4.281424693527077
5.78764977250956
3.560376960166245
6.954167883143096
7.002365765623228
8.623205179857967
8.202944710193805
5.984273352968664
9.110176857242715
7.218391634374715
8.049066693772486
9.74334902185786
5.96838497178285
7.3623798181005835
9.75907889799986
9.391208999057962
10.782522192555406
7.761065555447978
4.525751898023564
4.789914665594877
5.361517789426596
5.451937598798601
5.7481840109900615
8.567804228789688
6.807303067546739
9.04718333825239
9.907050829421099
8.086843583568344
8.40000324611968
4.794887851836734
6.926286343136782
8.886877620271289
5.974412788845552
6.380473612900513
8.299862534691755
8.480554278065942
5.2962466026310295
7.011640602663228
8.805136292362823
4.862174186535052
5.106149614424831
2.897140681798273
3.593683303186854
5.839980839579624
7.649614227933661
5.55370342494987
7.180057400743761
5.753460334038656
0
0
0
5.347415092190737
3.940026906217639
2.9716455717626
0.3246543147073524
0.39042057282433085
1.0036416565250343
0
0.4890798991202807
2.5662209098612108
2.340342893082811
0
2.916115707279112
3.70082122701597
1.9979484338035194
3.581346543509083
0
6.14908639692422
5.508569528971599
7.996404992054499
3.26433782529911
1.5435366589887116
1.4369892345987605
0
0
0
2.8053297378524222
0.2639798091541916
7.021501359205382
9.510390752783728
6.4532903319601616
2.1325662001561856
2.3131063365913116
0
0
0
0
4.035264360249389
7.434736670611328
5.5437403012598665
4.8800589003326165
9.484087147821292
6.095931009705619
3.3931568333929216
8.369466621199582
9.228885592575866
8.341628621329491
8.997841914225393
10.9274462548732
12.523352602182353
7.528400876853887
10.940482498628041
7.811024516563275
11.205019342554868
12.456360995976498
13.023250993845384
12.213422750253251
13.59553716123184
13.78495933250653
7.824629527853283
8.144796271230106
9.569483750682846
10.56792449873662
11.5629435440867
3.5648267206743522
3.5811351847115995
2.6924377147817005
3.46761045580297
5.130624342216784
1.6425292629182215
1.0323546236213734
2.0711111207343365
3.8775673576826764
5.418803546713795
0.6301820718849633
0
1.033331405392488
2.5006393277330936
0
0
0
1.562172047604074
0
1.7089813209469717
0
7.139853027486014
11.414686245164138
12.13535950237663
10.289378889067535
1.9733724803016468
6.803736987961327
5.586522113660526
3.4553020734669015
8.593039177117308
7.682705274045588
9.939838919381094
6.6612583786509685
8.184117334254667
11.867263405415805
5.409988862391801
5.650716854722771
4.975403014048005
2.5865040960295165
6.493865490278145
1.651328610818343
0
0.11187388742193027
2.3617145195271325
2.2148705015211814
0.23568326231420134
3.9455915875533654
4.980458883524982
3.6355194432114333
0.07436497886711813
2.5339483241637133
1.2666018425268293
1.5472760634243898
9.728434198237627
5.934575088428243
12.48264446250697
13.937310683629947
4.7861557964638655
5.074214552065339
5.773071322805
10.921437010461691
15.878733084393161
15.835992358942418
6.169347232011457
2.5227921772518123
1.1352397530357816
0
4.299124186510366
6.735826178268725
13.899932508233427
8.892355952188716
3.799201731339541
4.497288098542141
8.28565189503917
11.273990957637984
4.855955837362412
5.391931952036803
10.999288906507779
16.183856117405355
17.86972295635087
17.14445193745305
12.963697852138166
7.891536796517141
2.0717789898428993
4.9690637364903925
13.062450203717077
12.227709700010942
12.071519890776205
14.318501955725841
10.22854337391924
12.009292773203676
14.33733646900514
15.19701370011351
6.837584825431066
11.101234140602958
12.03192307086339
12.952368460405644
15.764074432349682
14.278701493037586
11.867959118233506
15.629777656895914
13.568750161799311
7.447281001245898
8.41109293728989
8.529644481835676
11.05530284642803
11.053944578342218
3.989058765405333
1.3179486352226402
5.888817638864024
10.785921075912784
5.380130622409704
2.367438678609031
10.563119944207866
11.813839047242542
6.779224812545834
2.3268233836120977
5.532213789324636
5.75101999649013
8.457164760442785
14.258650892429642
5.248212311555665
4.660464343824606
1.7638241104311643
10.015812606477299
8.841567184249936
6.038993683964552
3.8260473661717
0.07365866426228607
0.12625105441185536
5.066619688789102
11.934969370734095
5.546101355688211
6.505293752005448
12.473961779673479
12.408098611554848
5.17673116040902
8.680273954412762
6.483427474367295
2.3333930459675996
7.345797542095248
4.049884967185094
9.654825105707193
3.410786201830425
2.0008745380087847
11.062321780907432
12.51393394504343
13.986544504743541
6.354586876520935
2.1635010612499244
2.5209432448284605
8.238259076736954
4.446555021072315
9.033904294580367
9.200140606017262
13.684878019235125
14.110930338308478
10.649052866164928
7.510412630574475
8.847415845887458
11.073431846022988
6.0801772595753425
5.027417950541839
9.773479423036612
6.823265738171901
6.959249052924486
5.244669920506635
8.936248317531478
7.719219129223014
4.981653473872486
10.72381461227776
8.701215630556632
12.92524994758929
11.989554759007998
10.998164496341845
14.073081920497845
16.02046650234379
13.86876522424387
16.822619723582584
16.00594837816228
15.279579592852702
18.392118513872738
18.75557187876837
12.356890759379977
13.4410349920369
8.82613887094702
6.96469243904107
12.067367405613584
9.400787736314193
7.579215168708297
9.206456053472099
7.777922943220061
8.315583688947228
9.10494913273042
10.72841110860035
7.901980742443451
10.142119969063788
7.554619718010873
9.585052825587823
9.676602778042536
9.532843537468501
6.8733265768598875
11.363648840517792
7.8797651324189895
10.831101547692343
9.823121378383897
9.50012219123378
12.44016589679596
17.02169018981899
15.985012128686854
12.749727288816004
10.439596600517309
11.620310863873563
15.862673846968118
10.948434793042058
15.535439097279426
16.10034904149922
17.831450078894996
11.677031726656498
7.401616686748689
12.521265820313065
14.568880166270972
18.27412578937642
13.172490231214606
10.664631207931333
9.041053791233072
10.786504542764188
14.12939314084663
9.032829935107413
14.019508111184454
10.199158747817894
14.467740422202898
9.065227230932248
15.386728692332241
12.577759887160312
16.685921071355928
19.18909343247201
17.337917104073636
17.259564460742176
10.93220913241511
16.355938388295062
19.657221003580343
14.432172531149126
10.651884199422478
14.435680868667365
12.863498263354778
8.432771391483325
14.465519008896251
11.392431844667389
8.555873959719648
7.449141901207273
13.254631215096907
17.05361999290646
17.19118106050837
12.677438157153745
17.662464336588904
11.7310449842421
16.1602957041279
15.727309152533785
17.5954933485063
14.29722262177053
11.439631686537538
9.317378154013605
10.382974605035965
15.760804377331375
13.24179117406572
15.00136042309665
16.55244858542916
10.998297695709956
12.443001319395925
13.326053599715195
17.006846745145474
19.683027729776114
12.332209312299753
13.81841754532385
12.62688447407081
16.600849359060195
11.841705595504518
15.910501355614915
18.895429008462305
20.90273499830141
16.094314080852893
10.346843656956448
9.79336809588418
12.111904910706325
12.283756108782638
11.493758784758244
13.878075513241464
17.044941848525273
15.50044289094691
16.57981983737126
16.56990860944112
18.693965057570704
14.56477552809839
14.64140823931336
17.94255302208947
13.536037731708785
16.631827023880202
13.261473618488553
14.185797744986845
14.76186942403398
14.027232266686479
14.025522976444087
14.866622537014857
16.684605654618057
14.195779028830383
16.347432367609823
13.435012776689618
15.664655509356923
15.802050865811145
15.582525763186531
13.06014654384935
17.15249489111158
16.627691339693428
17.33426251162011
15.453544209880791
14.152664896985105
11.20316654882957
10.537763447763536
12.14516227493851
15.267030197133472
17.16118997209764
16.664647446165592
14.066861875455562
17.974462735986947
18.557394889038566
19.25192123379914
19.720511480635032
19.15166192059855
14.559388973782232
17.47449807545095
15.419830843081339
13.35321599413351
15.428950723476106
14.28478492461192
11.724561629939178
9.540187952365692
8.537065013830773
9.672472548940764
11.421021469094153
9.876471979941666
11.552992164985234
14.571467254056586
13.479395472947783
17.43492230409792
19.030481394788104
16.726935380395233
16.491434669377604
12.833990541825207
14.214478987577696
15.49282605749775
18.527390033310134
13.44846925872908
13.317962552639612
16.12963157960784
17.57004179982344
14.054994007715633
13.024667951813019
11.879325035009211
11.351438589977347
15.392289928716195
