16.40017947335752
15.78290534463048
17.01267974787621
17.703307397059255
13.678474211886304
11.579573919116656
12.618994891132978
14.197481655905513
17.171560053647866
17.088008549935093
16.50771900068274
15.7890625547653
14.094842180879839
12.781413875083544
14.020853940868497
11.654321029924736
13.72137112454044
12.647464680198699
14.115333024710798
13.868876581735368
14.603156684796328
15.36731889538622
15.205068858618239
17.45111098092426
16.16035225009363
17.945668113576822
16.233228699083462
15.508161731218479
15.20040115285914
15.066532147768005
13.841493435751595
14.637097529960368
14.787672512804086
14.889912594650175
14.682319011649511
14.285830707189822
15.90599693703774
15.263213485721227
14.436278440112925
14.636525752047458
16.203483450309662
15.365815546716838
15.016642071474507
15.836105050593858
15.158877649762463
17.19140839663286
14.196386012754887
14.444155749022563
14.536989653524904
11.921561877495538
15.191547662301009
14.81744434055803
12.00785170299904
13.470850163937302
13.16304996240287
16.67694425687459
15.387347994771645
16.32766645029843
15.223156903909356
14.504572563544428
14.445095551665364
14.402502704423359
14.376355648509614
14.361157298532758
14.350521274319801
11.993207629610481
13.346902355254288
12.277122460556871
12.542013231217044
13.552576832579344
13.966460035367014
14.131969784700637
14.193964656901155
14.206374792987912
14.558618140328488
14.163050002801263
15.614460236173393
14.780547551405053
16.03464533800474
13.858474008470624
15.760802084390725
14.822398470939216
13.579436882481948
12.758147002674894
12.711286760782206
13.536008036475947
13.92375360148264
14.032566619573416
13.827995542685642
15.35827681718143
14.627530843910304
16.04862371417884
14.305359068689832
13.757894552672706
13.529452943347572
13.862422128828133
16.50575292109767
12.075894860654016
10.528830602606854
12.587261699223077
12.23694858642474
13.29627482382399
15.10268282479338
14.485129776754603
14.224425175144045
13.383885165848866
13.447757124005241
13.777596772690185
13.908594697843201
13.956207239211263
15.156351668207112
14.460797838313106
13.374840221658031
12.255425488801057
13.218039698292602
13.614668988857728
15.801314947449344
16.523563199773523
14.968297429660028
14.310255592325333
13.420187960409873
12.203558175056148
13.125643832276698
12.95014005314499
13.414022973177119
14.78348486271188
14.154639185202841
13.880765570856425
13.754725845191073
12.950597420481463
13.331973316040227
12.936816741414452
10.790878362862676
11.928310162418349
10.722218787024094
11.473052671343137
11.572610724225534
12.201798219819052
12.9414213256162
13.815661540671083
13.591393884337641
13.486529924709895
13.431383222259015
14.611539773866358
15.421960328410044
16.240416973118357
14.534161729285621
17.79338140100265
19.221287934054267
19.72390272693015
15.139787000868251
14.018557603956602
10.469682460930427
12.049789240442909
12.69713252862736
9.561838630313026
11.63921633709424
13.233803358595836
13.148729634070087
14.331339465836832
13.59084892995741
13.267352978546453
11.835900544630404
8.960248210747638
13.102031193519053
9.793929551710047
11.640049227737578
12.40171529673825
14.583346167018869
13.610775766807965
13.197942067479278
10.516046466336613
11.897774367734069
12.470069410441187
12.695298439114044
14.089432339036975
15.555686603288853
10.730305461341121
11.946687356128447
11.486159313799329
13.964912270442367
13.282496764350135
12.995043162553902
12.868850696601012
9.662334490949025
11.47563675849926
12.230821560629442
9.4749762648908
8.002072328128001
7.955892187060028
12.21712709168912
12.523865580564857
12.651656126231778
12.704381686749183
12.725097605601984
12.731883132951149
12.732183022238743
12.729011296651684
12.723629242514757
10.295633911201023
7.980958021603763
10.72887584671749
8.959836133032741
11.129143497781143
12.116418373789456
14.95178000531992
13.607287070358812
13.040023545115718
15.480816994333827
13.805718422093706
15.86552194791528
18.093103474497482
14.392048429035667
16.73058807138181
14.2812142906164
13.250409331213856
12.810722000434415
16.031356474951668
10.959990313675997
10.376143295219434
11.57109838926874
12.058121524265085
12.249728909820062
9.815491779622818
11.292112032129229
15.71481325826733
13.726092794239998
12.884932916915808
12.521856012437219
14.47539263336161
10.495021856273528
11.477509386173981
11.8751973740799
10.748172540106792
11.559713228478902
11.88632870927556
12.010908385957528
12.050936487006902
12.055746888846178
12.045825732161804
12.030229037702625
15.264234571877077
13.34840873246478
12.538530587223274
12.18934401001714
16.256759839508057
15.265673891938139
13.291589463105824
9.792909540081542
10.98852412872758
11.475663747805983
11.667819876589155
11.726314053489501
11.740190356277477
9.886491593302635
9.757319073384433
13.503098780013074
16.51340671483591
13.695997351162525
14.95425730723695
12.87591482455871
12.153360973153216
12.015507690480524
10.490543359961332
11.133314151161489
11.969925929493005
13.850538005571154
14.789005224586774
14.524355284765168
12.776497263434045
14.969296572029254
12.94930452874739
9.356616301768454
14.582442422739048
16.269399505251933
14.293881010765073
12.646968009729008
11.957789213148878
11.66805515731994
9.285340719506197
10.549625429435833
9.706176557384484
12.513837765780227
11.169907532365006
14.905444384011398
15.322487026973077
13.054526963543282
12.108382798048487
11.712655253002005
11.545623920501136
11.473273643274824
11.43998970128142
11.422882623498369
12.637846745650396
9.651077298351098
14.156756646514276
16.03190319739507
11.704596731182917
13.786226338153995
12.368108040743572
12.996189176806073
9.036188719595128
10.367917947894892
10.915556811040602
9.849440158252317
14.341912151393368
12.540286809269617
11.785107513875051
11.465982286913736
11.323798696426554
11.254978565732145
13.900801283814692
12.313514194558783
11.646908016541445
11.33700528725442
9.348098406314328
7.541244474541871
9.604183141921599
10.452734038885932
10.79510795730017
10.85549248832918
13.219714465444843
11.914211495278467
11.358762919916938
11.115838548402989
11.003190869276326
10.944764369491047
9.29747869470011
12.48977893222761
12.954253798238124
7.345158398760841
9.360916546170042
10.188833299599459
14.843046126804907
7.832695148880591
9.516423541270543
5.33770340607879
8.453023075855832
14.186183262445152
11.653714195663756
11.037303903255088
14.969784482768794
16.72847751108277
13.128571735953791
11.616819360005547
15.422243905991138
14.736321293852274
7.646973759803229
10.838945847945897
10.606485480907057
10.499025511381973
14.890679264054096
14.947748618579567
8.79260291354902
13.634966153194245
11.699826437831643
10.884257968764846
14.604826282338497
12.077107319519651
11.015484768935039
9.47724604346622
15.126677954334887
15.45943547895883
12.403239025913345
11.123397449997292
11.506129761726292
9.267990524191292
6.189655103433212
8.511302852506219
9.474071137052542
15.577161833830367
14.718088654308694
17.504622582691777
13.209637041952465
11.418148075733594
10.67013321055539
10.357107123758032
11.525872008411438
10.712443566066247
15.204008812014074
12.250802600268665
9.927476762370542
10.846115990645213
10.43042012126626
9.540049883788885
9.88169220341203
7.923290221265868
4.334008709108842
3.086125923857839
13.262176827932775
11.414702124515188
10.64005929829668
12.996678826153651
15.60962731705844
12.286622064995758
6.614906309623947
8.609615195357101
9.433071928363706
12.075224719647938
7.125506204472581
8.790048636513326
9.475158571971503
9.751679171064527
10.528185185658181
10.172235209510966
12.447067726530612
9.482305490264052
11.257832000120924
15.00823180281823
10.391819091033689
10.05284905710974
9.90070154527043
15.154275496092914
12.00378098578832
16.636753769320194
12.597626906114126
10.902088705396556
12.238281180359898
10.72750276945197
6.727348422208166
8.405970382566943
3.2171933291328862
10.861394818809643
5.473736501845762
5.9905698462956325
8.045633767082192
8.878431541682751
9.199639166095604
9.320719650207238
9.364873526119357
9.376972085155938
10.921177195278773
10.000902884991065
9.605109619112978
8.587834515033396
8.992041723769617
4.028268381490526
7.0742976049907025
8.337675242560426
8.84093347721533
9.03923449655043
5.878541119265909
12.607152648359175
7.7210974531056555
8.528769329695127
3.1049542564766153
6.584006914399007
8.023549679050067
8.528746803695268
9.98837128173547
4.041807499480869
6.927661911268079
12.19163369155159
10.308248662689548
10.56437045014737
15.32213205184338
11.633110130470858
6.564798456215721
2.054706882975532
6.045035036883505
7.239897234941819
8.195657610500657
11.777895434561106
10.078980608749614
9.367945336450765
9.068843551657036
9.86394124338591
9.27088656807011
9.021748091096015
5.180650765809796
7.355782872919862
4.485344950753392
7.014027927940539
3.4508130315698082
2.8470973205660255
6.330374213003464
7.780788884461344
8.424812679691962
7.306645283793401
2.30632924426315
6.095852168756456
5.068916760189232
1.4904487786879086
5.744955928039253
7.513342464977957
8.245315276828316
8.54486462139036
8.664223107894564
8.707615330326465
8.719352411280639
8.717124520409843
8.709015913968782
6.72477484141388
7.863087452481565
8.328713183968269
8.513844892577978
8.581816427343645
8.600819146282497
8.599510804599518
3.0822357091929025
6.271543332005883
10.65262751415052
9.405661922603723
2.873626569232398
6.147667604775141
3.7707703244434883
0.6288160661780422
5.183493909427191
11.139160492804493
9.539853303026034
14.567448247813122
9.978700643147734
8.18056440810668
8.259441415656454
6.810277449257191
10.977534159333167
9.38753586941533
8.712128621378168
8.418010812914284
8.282643065099384
8.213500941081314
10.205339072490915
14.041064833731534
8.129957450459184
8.099787037811543
8.075007202696472
8.052492103936421
8.604028948678199
6.491114981416997
12.420087149214233
9.815297138980771
8.71807934467649
9.893216741129173
13.486951284717009
14.388807307265084
10.761464637447006
9.055177578945369
5.790298329378025
6.9616045974338245
7.279450945375075
12.268358850514838
13.275846100481589
9.909332795523879
6.838952598066955
7.224391952378901
7.383243406821489
8.409814722686257
12.340246246194155
9.507838730254306
8.324164572244571
5.576200933503092
6.67709540086074
7.13077515052027
4.09023309525335
2.428400485358974
5.343958515912285
6.55298066307105
4.312917912449673
3.2756677833355825
5.670723784493138
6.661248585406291
7.065827614937603
9.551489689617316
8.826253219634228
12.994201253909752
8.977793501243571
10.021578347670527
6.163546560322686
4.352106375861318
6.0332572397370114
3.4997263933299667
5.657845778586198
6.54670722556887
6.906456748561348
8.202661847353182
5.713564559443899
6.526591274203073
10.250789583629029
13.251539136916861
9.633228221170457
8.479401987438099
11.199299385335188
8.729232820328775
6.702883056510293
6.831414506307441
6.878903937609512
6.8926231598046845
6.886260323892213
11.338854434355879
8.714404415367696
7.608431341582119
8.584053766222224
3.8177723728619424
9.413342084478192
7.740381575639617
7.13940906680703
9.786307011266683
7.967326495664028
7.197112343326402
6.852277957572113
7.470479222892518
6.954629665723713
6.727896573289072
4.079006328107848
3.4504984571920447
3.2632466698091918
8.139823781973845
11.432251439279371
8.526081867169715
5.054199269843998
6.323918665542524
11.419593378231738
9.741110393548995
7.782518760864267
6.948085176385341
6.591490922593373
6.434381016536658
5.376030455679717
5.9123279247917395
9.428291181009161
7.588125137325719
6.815760093194028
5.309046986752518
4.326265323598144
2.0385534200896855
2.6247261677908567
8.58615749532581
6.148337868359853
0
0
1.5974743307490007
2.4654077892416666
3.782270089569856
3.6625456980614755
2.418112274345605
2.966472962106815
3.275093088335197
3.858199362203699
5.3482580287495045
4.594874243119737
4.209448655107692
0
1.7907837589789999
0.11330569338098151
0
1.8405237589790007
0
1.8811259630620007
2.899071807707884
3.4560659723499274
3.7664073021659217
10.014803783642808
5.65923921797834
3.492478916261601
0
1.9711852526570004
3.0340682094917764
3.6118300562608114
0
2.0126133421870005
3.0960352863039837
3.6832139303818057
8.331236657416948
6.024228251461793
5.271211024631013
4.877191062494109
4.674168589393856
8.02609806581785
1.245851196623228
2.752840284921155
0
8.021404097948253
7.655676405411153
4.267531245323286
4.386276494035506
4.454224955246346
4.49171394670145
5.350686441856396
0
2.5212571622970374
7.656736082726094
9.247323887134467
7.091917117161952
7.375794632779404
6.122552775990091
5.466257921207313
5.132169975800222
4.967085336042999
4.2760862494178316
2.9126648845228926
3.825781055323416
0.794223352801434
0
0
2.310502804116
3.5567244793272987
3.620721780399334
0.32684431276447956
5.123544108927486
5.116041842168706
2.768818629888652
6.763778303545587
0
2.445122705645
8.672852094930676
7.1044585835000085
6.104213377950356
5.76533496411931
0
3.3797566088655033
8.104609501872563
6.8960491986342
6.2660834208262095
5.952903480318866
5.801922592051147
5.737211948163493
5.7176043485850405
5.7220637334499775
10.398564877293602
8.257851105080867
7.137297355394151
6.5462913704803185
6.237852072849298
6.086602864393386
1.3634084750220135
0
2.796418331371001
11.946013448892973
2.7823089521797497
4.316699248680115
5.146205946311708
5.598936899170928
7.524275081481587
6.894313327122576
9.638466587589981
8.030402747972015
3.4031456918181924
4.718565633859188
0
0
4.24674656819413
4.935832530849199
5.5699140181371325
5.912404899753973
1.089069534202574
3.523739208877494
4.82773610802403
5.524466132789623
5.897158553385544
6.109458724320526
6.255944881050433
5.753460363245475
0
3.060338691787
4.707353431358543
5.599706794855919
6.082498040612119
6.346746940341627
6.501145402175293
6.596947992453737
6.675997911246315
6.732526536301034
6.777109250527231
6.815361883729331
9.926895336429347
1.7617060221933087
2.164375942148917
0
1.9506206743852657
11.961169292687384
10.465486256517345
8.980403215195315
11.015602155189669
7.021791476978852
1.3928612069860726
4.115898145509769
0.9305504243897156
3.9036629206103526
13.152533321685091
10.460094429904164
9.040666505168861
8.308866384086105
7.943984459032347
7.76582259661066
7.775977542763109
7.708014382026395
7.679322359220285
7.6715854164429444
7.595319132026692
7.655358718822443
10.42567424167318
9.191472383275809
1.429748484005735
7.492438834982835
7.664526203524841
1.882350263869089
4.6933580896905465
4.359651557898368
8.232834356564322
7.321327083307761
5.613415959361589
5.588583297174534
11.029822993209175
9.633721588974415
8.901192994980747
8.513136316877727
8.308889853093955
1.7922516515493951
4.731962775421758
6.30422920210405
14.439891298748279
11.489844761133082
9.917780872855612
9.080399198000755
8.634437081120204
11.298000738741191
4.734892281481229
9.15387325263491
9.592892297351344
9.049447599230678
9.038602325975074
12.034559985340596
10.395599603263742
9.535579914683533
9.091317017393132
8.869100717409975
7.800305952191076
8.210692727809159
11.697195374467265
3.908647405481193
6.181389686666765
14.352860771595095
11.788035753321143
10.436542931063162
9.732998359165304
9.288772266514341
8.36658392896509
8.681922294088771
12.822506928227764
11.085694129087335
10.167637532896002
9.729078897393308
9.511615990947067
9.411931239092356
9.35873945550268
9.361549899448232
9.370495279670576
3.48276248363556
6.255505970516936
10.236402880846104
9.88654613587148
9.712946199617022
9.632904681061643
14.541634980581028
7.882058514010548
8.691260437269028
9.133674973738753
9.380007380299999
9.52139847347508
9.606261213454303
9.660330524269217
9.697252609834054
9.724429765403451
3.45931633011258
3.0912586614576987
6.2209648518508285
7.897265814933602
10.897746560595793
11.213427009089996
14.616922073331857
11.016780256032717
10.480851196058058
14.361201857964028
12.269402207417604
5.900365499281445
13.858658496418244
12.006206648789775
11.023503601012223
12.08424960602029
11.067676815043427
10.526331443348173
14.53249554406105
12.379176970512976
11.233504468161724
14.92005678283956
12.744840586754188
15.891809377773498
7.391340121175278
8.762650922505129
9.501591785319736
9.91073988745461
11.598946377025932
11.059409143441037
10.176718544475062
14.882016025024386
12.855801047076012
11.78980323302076
10.497914453568788
6.469080364366845
8.428188628984149
13.396064002725364
12.155666969441254
17.867881497240546
20.15724622044616
15.810291114972072
13.506327605244099
17.89215243236086
13.408962471910609
9.088866657600141
9.981530931362435
5.863407922646479
3.9390327145766717
7.278545668255112
9.075063776460928
10.04803156876855
9.58477604622178
10.347828913337942
15.707555902965662
13.641541128164478
12.552015525147565
11.98344375354574
11.692884489008007
11.550417701984673
11.48668658674902
11.464754598286277
11.464379670828556
11.474425940109118
10.106357086660065
7.320546922291422
9.290236386930703
11.93296651926439
11.766041868428479
11.683866980049437
11.64620526422738
8.18338818022134
15.88927123783777
14.070009003970245
15.553103021720803
13.73018748812222
12.764695559432017
12.251319744870925
11.979193089638125
14.33011200874417
13.10585252731489
12.452817626821226
10.205354911648588
11.458908378946738
11.57697483227998
11.676819035566592
11.695360823566332
12.000427509797017
13.455591771642855
12.747828777725626
17.838977015230988
14.368373022084164
9.297056491311663
10.568129820103902
10.649336730184366
11.314490705155379
13.265828014218076
12.735380041611766
12.465073765157037
12.334077180035795
12.2776500532251
12.261163898252914
12.266280385905755
17.480322567795874
17.825067138130173
13.894395676733101
13.195574423662782
12.837845585049461
13.08521437395043
12.810004097796948
6.5213422939677645
14.167499364786721
19.29727200480383
15.663741881430955
14.279932923638558
13.550489980363533
13.17914340282898
12.998530074735545
12.919585979443886
12.894660116937256
12.060235229774896
12.470271122608885
16.835747163164033
12.362641396771616
12.73463140858688
10.505197149382704
13.706636781923198
13.442168959758218
13.314214544130985
15.926852588456946
14.663886359029625
11.214026240194345
12.169911028555703
12.692406151625322
14.97032850548386
14.202758863004188
15.886144577572772
13.772934311094856
13.588721455178215
13.497262720739094
13.45453523214638
13.436756060983308
13.431643054273692
9.967819352908514
11.337534829768071
12.323652625695242
12.59739748849707
12.999364914676036
15.494025033149175
14.627034531214399
14.178402883509003
13.945359300718405
13.281268309929974
13.495560050254634
9.95735772227764
8.566962432189877
11.011651753070518
12.326392358999428
13.038224987427094
13.428668436536096
13.64799610636866
17.224292767377182
14.175922485376578
14.081147149180941
14.664773220927408
14.792680707665019
16.625853904906943
17.713099728323385
16.02629756409236
13.910823127075252
12.502489914398467
13.284098944913021
13.714100032571586
11.170076838605336
12.612415212694806
11.193299182313998
9.378242646499125
11.697658819303932
16.787558092365053
15.681113157390993
15.105852677375832
17.77524874863285
18.43592752211538
16.622576346968767
15.662815198757535
12.95640311712607
9.782084304246784
