15.0328449356956
18.108918114045835
16.4948623593533
15.820867423908922
12.54596699798129
14.170421384846005
14.84564630184413
13.834388036817787
14.695065429901174
14.214899092698628
14.841152541263119
15.094604311125142
12.265594554165986
14.004338263908167
14.719632830422533
15.008265414965472
17.229730758572842
16.034703828638104
15.5267955778655
15.304747369685755
15.201484042135256
15.147300156600163
15.11338705016609
12.684676808234716
14.064034497373807
13.925024906393066
14.557826674649991
18.03289030492661
14.69984626676787
15.267866800161205
14.304835636863277
14.660161406265328
14.797283230060364
14.843638933508956
14.852223073782783
15.582150355760398
14.305688257384967
15.922125805222691
16.061651520673102
15.313818714716882
14.998644518315725
12.264469797701981
12.237119520310666
15.780511590276982
15.13571185484842
14.677720023791906
17.747208042040256
15.48327159437396
14.96998922628283
14.745692719660056
11.97712445968087
13.47799419202622
17.316271343591684
15.682868628172255
14.99237858443858
14.694968679436759
14.5614587716533
14.496451501486732
14.460089634739521
13.668055694868062
14.096518972487923
14.257250843880119
14.315829198221246
12.456239117911668
15.863765392859207
17.013498947891062
15.438857747581807
14.77481503178694
14.490382253637618
14.364462204221997
14.322183511921363
14.280199757380833
14.255732086516995
14.232113280908834
14.219733991532312
14.09759910650738
14.159986124087625
14.174468188898915
14.17529278623378
14.170860885951218
14.164442042945874
14.157195241669147
14.149961038895935
15.992030678355878
13.026863621703368
10.871967032750526
13.696625183284544
13.93792220771027
14.03760969893127
14.07828849842706
17.447863319187107
15.497324603335668
14.683882327499575
13.184171983583404
13.998114652306846
14.057713462951464
14.426837117760812
13.117820934916157
13.666567303886364
13.894756582646249
13.988693162027094
14.02622678847749
12.944832524489797
12.164179284274844
12.03176334820276
13.198184952736892
13.679294513808664
13.36814920356336
11.531193560971646
13.17920754328603
15.951863439471904
14.792287593399143
14.300820158715023
11.684620679570656
11.558411061943039
12.923101736090866
12.785094575163264
14.22286105013854
13.50366564444922
13.69994352742799
16.081144045669458
14.758754777216463
14.33864010899995
14.003979014015481
15.96392867695778
14.658294589629907
14.250718251012632
11.844852393175149
12.007926593356798
12.950688142416578
15.966122170305283
15.319853380804524
15.110278183480453
14.216721294091506
13.840570138283132
13.680050207401782
10.522233780809069
12.252623373919139
13.672489499332826
13.543045913401588
13.477794952454442
13.439193249794167
17.22144290204317
14.966527369608986
19.06974453632857
17.319824974947643
14.983951043647885
13.999350206063275
17.741862841445467
12.64739323638439
12.991646935629376
16.224664958943176
14.459079946542822
13.712171172697595
18.351021724100555
15.312136967615903
14.035365654248348
10.66007353617039
12.076256417065403
11.243014499387703
12.303943916438056
11.58105166728501
14.19288612591687
13.498831891398762
10.721644530418727
12.389855615343642
13.874503170488019
17.67400779094134
14.906218079057258
13.74531649255436
13.254005187897803
14.726294957646783
11.262178705847719
12.205216698133146
12.584934313895282
12.736719015591765
12.706481768300446
12.775259436770796
12.798819677689991
12.803989371045422
9.083531896071724
11.248425562349889
12.1474456926804
14.288367490982731
17.746207765906284
16.528328968245717
11.414861532178051
11.232167167709147
12.128616486881603
11.352330077604435
10.482134432667195
8.082361271241519
7.613759076265282
10.429294877968859
13.284074260442509
12.964808705023195
14.779090656211652
14.82325770376876
16.874675928544537
14.44706729853971
12.54505052230749
12.630733191760731
12.660347560121897
10.458277289246379
8.913083499328867
8.970136799120166
11.114736346335373
12.001377658415151
10.859073717997504
12.058316666810038
12.371709329603345
9.572251402580175
11.31784065137956
12.036816845981061
12.32531982099191
12.43538810572133
8.929706675475256
7.458650784340117
10.376803863497727
11.582191258421105
12.073658575534875
15.103070342035076
17.239775510400115
11.476172098791789
11.98411752112694
15.816466606887454
17.66680506083778
13.288411282272934
12.689985447281533
16.503692383735675
14.005064214594258
14.712854696964234
13.223365765086196
12.596910986250219
12.330082538986867
14.511462925079677
15.320354693792313
14.228440539491018
12.963112827516309
11.893856234721401
12.85392956813481
12.355485037883376
10.45487414548423
12.751231608881524
14.847803181876301
13.495539311096014
13.18651197420939
12.425202691988254
12.096736024896707
13.366965509003103
12.645238938932472
12.155181858731563
11.929397791448244
11.824815349884885
15.231590379776009
16.291763195800677
13.622436418318543
12.500623766793737
12.023870696713352
11.816021982202454
12.430322618572085
15.954604461152607
15.908755027250223
13.399816202804368
8.80421216447776
10.422137396384683
11.088324534459097
11.358635802428706
11.463985595325642
11.501241213844597
8.411568229635025
9.68663024438747
14.109904971695794
10.811652309092025
9.167235668610314
10.513999985709518
15.324518678841098
10.240676148721388
11.308149699351162
7.676422400751926
9.879189166010928
12.74466253180684
11.986935040715911
11.317004070540555
11.39054380768465
11.416367808692195
11.426847085285639
13.468544584875254
14.583555993688169
12.388996263073295
11.824706898424644
11.58643193870235
11.48390510383167
10.818965432338171
11.152736608984117
11.287354917160483
11.341080332678775
11.361097679826447
11.363735214708083
11.358655989603658
13.034020670391211
12.04101311407162
12.949896713120049
16.244094454762667
13.356798472002405
12.146180117258602
13.84087815075487
12.327063925871956
13.28738929585837
12.082778997053783
15.115325197206328
15.837458834120051
9.756260303487085
10.58130032013187
13.728498548313443
12.198958103638212
13.240294858208209
11.978977436795361
11.442310821559829
8.640321506412604
10.028761556506533
10.595860617408674
13.036404476911004
11.826380735363216
9.54066779192784
7.071126566775431
11.433257610741892
14.12486954086552
12.221997629079063
8.476733629143283
9.844398633297606
10.402349951901513
10.622798599767762
6.249428958313703
8.86852890605332
9.94805546788442
10.386129603466237
10.556702272307183
10.615819292650004
4.3868804741958165
8.009214291519397
9.512783592886533
8.018594134503724
9.499163332933303
10.104444878466909
14.970581415685796
12.367086723745473
7.9236090639038395
9.402620824479131
16.83442050561314
13.094206036176995
14.912605849019986
10.845240687767426
7.7642482216829
15.264124878112082
12.378696878504906
11.167143281393395
12.665288281523477
11.268901834580035
17.505157205345384
17.899001634127657
12.694461289500682
11.257819415188134
10.652425612140096
10.393833500477978
4.313433703002491
5.900696820157399
6.969137635305583
8.836113223537437
13.959813088909929
11.740547702790769
7.322001694117037
4.102576131739311
7.625004285840571
9.091031606261767
14.601052401694268
11.995121150705602
10.908604641039425
4.213595015238088
7.671314816500912
9.111929012338331
7.596636591630087
9.078569363665459
9.693883441803798
13.472517115001253
11.520351298658223
10.705202074693684
10.361796551999658
16.353356869109252
6.740636785029143
8.697176388637246
9.507666324156341
9.84024157886395
9.973258396298608
10.022860605878432
16.587953883733473
12.76538411948854
11.164780839049275
10.489915441191833
10.200502861427438
6.44338348478796
3.0810226949819723
5.2474907420316494
13.294194899847312
11.324831457413577
10.494556630350639
10.6370962634284
14.262710254002137
13.974523552913894
11.55661318716842
11.724760093332861
10.597386874064604
10.116418183649522
9.904505843693157
9.80439187294614
9.750581703895058
9.664237210127649
6.5895461180676485
8.37367486899479
9.10444665594853
12.371312802517451
10.745201258231424
10.054890916477435
6.5391204636378255
8.281826809328683
9.000400543578063
9.27628285744858
15.091405163921682
11.036536839848251
10.079854549042768
8.660505398895452
9.071026572428536
9.229945120449372
13.77180377730691
11.16432286776939
3.6864723930806873
6.937773957244323
8.28668857840731
15.531771434738033
18.25248865719109
12.96102954004633
10.744805862609308
8.520784507155073
8.87270388395792
4.00503958645503
3.341663985352957
6.682643858421778
4.849311800235235
5.038526975375749
6.758331524792539
1.9638829404845897
6.06179074753433
7.985144617449289
6.165417502700667
3.74930341169558
6.776470814541949
4.81582109851931
7.207858007604598
9.384860877108217
8.222669716155703
8.609887789384484
5.2760752042882375
7.04658872999433
11.21980947933731
9.843328726824659
7.427183801334497
7.655967613228749
2.5218670828287157
6.209431671595927
7.744353547091624
10.670117364703085
9.602023166766976
13.771658787661632
10.883511842098603
5.776764112662877
7.5511663652702214
8.289492974310903
8.595817572953354
3.7180680614246278
1.132779561711894
5.606834016037347
7.4677677889587635
6.400062164847778
7.79079182605207
8.365842283679898
5.797888423181627
9.399357129988456
7.593214492425386
13.987307394806919
10.919400094549644
8.206808746226034
8.49636733086639
8.282755877767844
8.512298150330261
8.599239281761822
9.81311445389233
4.119617910567097
6.74142102434171
4.884477290657228
7.032174273211668
4.977260415102937
7.051074014284995
7.904894579209759
8.249792131087506
11.087603803491504
12.402083569257229
10.101134037997088
11.830296817375526
9.375408762223223
5.314440486644142
4.160673608318651
12.334291473575641
4.586085495897
6.76162205293868
3.6150982495725597
6.332106036148087
14.41579642089857
10.582154756891825
9.184784322890923
8.60215758670665
11.738714751103288
6.649459577591728
11.64447976968798
5.946831358235046
7.190078395181745
3.640575774268081
5.234671696829624
10.99371106680841
9.250670912418666
8.51832912368406
8.189434569742348
8.040582412074837
10.614288288790135
7.7386788041299015
7.818108087900131
9.742547506412858
11.916275091512915
5.25706103395457
9.705909414104083
8.423002762481572
11.280010887431501
12.257349616508629
12.983389247319328
9.786323879987567
8.45256156555522
7.895021684632061
7.660671973684581
7.560594084222766
10.163486988637779
8.597373201512964
7.940639531292853
7.6623569645597325
7.5413336441136405
7.485539720700954
7.4569053930276885
5.192641746472104
6.489926965245327
2.8623055032928226
5.50597075792972
2.0127760579681917
9.805755810216622
8.376143775516066
7.772009601493946
11.648611748684834
9.118613070986573
11.979644772545305
14.54617625118943
9.648721721208211
8.249698295214664
7.657383792531551
7.4007268290466985
7.28339266014936
7.22407261111624
8.452950457612085
7.689958150710556
7.361059755349089
7.213102522336766
7.140372215376932
7.098490105426368
7.069252689748368
7.032773229645347
7.005275708774818
6.981583154306067
6.95950536170054
10.117637474150936
11.108386018184355
5.238043472528194
6.196796968204099
6.584070675578249
6.7330860230850575
6.782815967517944
6.790801912887528
6.781568396341434
3.8800063812576173
6.9138649845471525
6.888925050405653
6.772260885879637
7.550041716913379
6.58519608413409
7.3295688662660545
6.901692455018666
7.237108977852549
3.215817176803621
7.167184054808496
6.793207810043102
5.112703947483306
5.903459759908695
6.227601040661154
6.3573040460655035
6.401062113763496
8.844118483514691
11.342126908264172
8.454339056390081
7.246321144670148
12.670127605755576
7.473914033037493
7.002404001564331
7.968220935254559
9.639823011907527
4.690977653323255
1.1331634420994323
5.390213107686382
6.094933621657724
11.500897083332731
7.644609376518345
5.61611762614119
4.548479872318939
1.0622903101332435
8.420127561723515
11.242310424497326
14.986855492146947
4.137632128225452
3.445661847978975
3.4829315403485808
7.891920454006408
12.960180491891492
1.0709805579948757
7.605966689951977
2.692929247301982
7.551267203424744
1.2674329912937896
2.4505060031333663
0
7.451043492138413
5.799820566384057
4.935308013201533
0.9238396686961918
2.374086810278289
3.1621157157824955
4.476093428330422
4.310693952677114
0
1.9476877301349997
2.999018215131036
10.00597997950559
7.310376169721183
2.1575156198258254
3.1441015944150603
6.465980523412771
5.462860549480055
4.937087196115558
0.30485269890885913
2.202580744052768
0
2.0566828296510007
3.161918817652774
7.179373216326418
5.908860724453778
11.356313466011702
6.804244342119212
10.414078736660718
1.8638728474894979
3.095872774758396
3.7574171157670806
2.770540984756682
0
2.1149395105820004
0
2.1161469698070006
4.921905370986153
4.757084244958211
0
6.848422322840908
5.826396216795908
11.733475598801965
14.580327323271895
10.398703384721014
7.227771037716755
6.097463482658661
5.516899587288663
0.37825291151807505
3.514658088127179
6.629093837218055
5.834931553181554
8.685695760789324
3.709383828649539
4.317256152025394
4.65605707778575
2.0788029782965847
9.293848124907722
5.854728038463877
3.082562059031935
4.074226820344442
0
2.4608737056450005
0
2.492375705645
9.005336864683832
1.7007614538078828
0
0
0
2.586351568435
3.989398563882916
0
4.729763452595816
0
2.6711500530450003
4.112771435695813
0.655643078880165
3.0807591526134566
4.381722585476541
10.2435700149354
5.704099688521391
5.814777065751015
0
2.58066989626184
0
5.677140545368142
5.861381386805441
14.203454627192805
5.991758996636629
6.063343375122305
6.114760168609263
5.1623575395464165
5.6419509599359685
1.4654012679243813
7.69321413770358
7.0214659092816305
0.6927226853495752
3.297287030137534
9.852339869882506
9.705768275131126
8.119296731285967
6.097750315939374
15.773497636207992
4.043824112870162
5.106170692175519
5.673956106273858
0
2.9959377057530006
13.820864908309881
15.964987756697933
18.468142380520117
20.96994661875562
14.277426519651
10.689198003541943
8.80488204056098
7.812806291652339
7.296850243078688
7.049465752179788
6.9318089762231345
6.883446360469664
6.872103365594612
6.8808501551542856
3.2284226993872007
1.8706434084808787
4.257694289800398
1.0991432953700402
12.286734182210203
9.847279140519365
8.561489786267133
6.907653074156657
2.9690541375832034
4.9401284918823976
15.009794872261194
11.399006003158572
19.450791485413816
9.36324509931136
0.15766137802646085
3.5432882286869205
2.4714767602095398
14.790314023704216
11.419024052319571
9.636287727697724
16.933682188684926
13.346476030185773
10.69557861527013
8.695823657507319
8.026839498509744
7.8990191643238
8.203552257558012
8.018183092551956
10.404196811432204
6.314251684212425
2.0311970595483047
13.581840490507393
10.946456335485744
9.526112704185364
2.2486808538622123
4.926285107144877
4.611064755511695
9.634415882021177
8.889132354444499
0.9914799345698295
11.565433955378225
9.937595872997822
16.730982375496062
10.375332372838892
9.315531219285834
8.75305704382392
9.967755943591266
6.585640010046162
7.302368833605632
7.685680078678965
7.891144173544095
12.684314112677255
10.670807520370584
9.610399881567744
6.34681822351108
16.33279347548626
12.674695339417466
10.73717582819916
9.717844988309071
9.18857366067972
8.920996862267698
13.762009959954831
6.567697881922784
4.8564768587425275
6.671138363904013
7.655454862081181
1.4528705191990898
4.904600954642635
7.699896604709139
8.272723879422797
10.108660240481827
11.874125629001249
16.866381308322175
13.234798785704712
18.77063074466113
14.268319710966178
11.917202907611554
9.327202547602198
9.313528225723532
10.915274028174775
13.211177661271293
16.84074900573181
16.52890441328568
13.21692730417824
17.16169559598686
19.702983927642798
14.950997405306197
15.728993416910527
20.104513929979298
15.201925046539952
12.091155899773112
15.799944147587562
13.277154388155838
11.600916116866955
10.715891827968207
10.252429420173835
10.013196580688758
8.259017354406287
8.964433409140195
14.764104176893653
12.449595218887453
15.508940536545161
12.859027795827497
11.450022824259552
10.060327219103339
9.969057115125542
9.92178612806999
7.135978162196283
3.818983893707678
9.24204715907879
9.541341346628442
7.927484254492749
8.84709733141533
8.69176947347366
9.257449416316545
9.560394103387509
4.846100609682409
7.210516633528534
8.475507312346826
5.687437223960636
7.73533501885465
8.924809085262842
9.63172262138846
9.958119024618881
13.863563725072638
17.93638416550711
17.163361254906924
20.149682521250547
15.636745565621291
20.351599957414408
15.127383864821766
8.970888272217449
8.803244164432765
14.651332518740906
18.21033073091059
14.708996270114891
10.517238266855305
10.635104549228991
15.847632428942127
9.479649643473074
10.128297316052233
7.038318649241841
6.814990522303352
8.760509460577069
12.543376746228251
11.839996083443394
17.600756081280608
14.568441256728331
12.964952062470237
12.123675958183119
8.362884096708836
5.100788419429575
6.757630135928248
6.244847679760404
5.2791175953464755
2.943579071259805
13.836325389456164
12.694157766463809
12.096986285155088
7.900380814327264
9.562429819708028
10.459545499551204
10.948492756887521
11.21816966006618
10.723020711229754
9.620339391676918
10.532024033147803
11.025395063143668
11.29484464936646
10.374168583723524
9.182831214519684
10.326691027712702
5.639166139393471
2.1530496261766547
8.19617721690356
9.81355835729774
10.678403613229074
5.98954663768696
7.021326731473527
9.206114662160275
17.1988467463147
22.310886620364222
18.97663284250605
15.589551424435228
16.0972464934921
16.087523637604942
16.225353504830508
21.333888182794446
16.459256783199514
8.788596012530327
7.8040812310742265
15.328572422917604
10.472943744060156
11.2203674077595
11.63144124421547
14.318324777687796
13.309733076327207
9.035759534771659
8.037656547923202
9.998703363823822
11.05903144473439
18.465062075910254
13.971033357459477
11.305555312183236
18.922283749378863
15.89361768125156
14.292939875814833
19.152542476592146
22.60785260694564
23.7802852289285
13.566244469686126
13.151750788957518
13.536036825984795
13.153547022655486
11.221996400298448
11.954196434185251
12.36232954884625
12.597308085570358
12.739895981078343
18.219568927496336
15.773776152510045
14.48517122890536
16.660708976678833
11.33571747638156
12.653173521984554
11.879833820644397
12.48055251389985
12.81342718466096
14.13130141048769
17.39992470896083
17.557470994153476
15.567208149268295
13.730326350680416
13.54109371320107
13.44898189912409
13.408206299440614
18.461391517571318
13.819744728100996
13.158640985297673
13.278866890864839
13.347393393098477
13.391374883725346
13.418186666301844
13.433888445669663
16.7013467647831
13.550341307731452
13.509099485319503
17.14490499493038
15.373309815550954
18.692224873327422
16.85033602950287
15.400014585418731
19.491308539269824
16.830547143181377
15.421100554855581
14.679274239631937
14.293722758932601
14.098602047411436
10.663424947933601
12.183828666170369
13.00655802448951
10.540915737760294
12.152820560156892
12.875617237494822
17.42421241852996
15.860177280028585
15.037578145682252
14.61122703395305
14.396452622625347
11.272011611404867
12.640450231411638
13.38378906645025
13.793652057472853
12.70618469228983
13.949256157755206
14.136751628910178
14.25150429120447
13.753456903587974
14.077255300346543
17.09745888816085
19.682667834819938
20.545521815285685
17.75609890065144
17.61713931822663
16.22463528279973
