13.237051997879972
14.499972314356864
17.071461732020598
13.36523604340178
12.004221743672773
15.094561162932658
12.907520016623746
14.095977494617188
16.321964022438106
13.087538146646107
15.267364847574639
13.872725395343537
11.856342386928143
11.44101319452451
13.987379424395403
14.9148320707855
12.500476843817419
12.84890677450556
11.80532135136522
15.018882770306005
15.3545053691178
12.568101111382735
15.426741856422808
13.071181845872347
12.884269204363946
16.019949815816894
17.31509446276374
17.477038168977973
13.383578441545271
15.748920395774489
16.785599672187555
15.718169921080035
12.533724417597647
12.560465977777877
11.134504125118283
14.622999997789458
12.717156802494534
13.152681158325377
14.32292627799572
12.636327430511834
15.092971534052248
12.767476814315733
15.35240896356714
14.310321914491036
15.850250908297085
17.473711661476898
14.170503383521602
12.16344825729971
15.099895244768716
16.2510960208169
17.21678383297379
14.074062075581308
14.180997644142955
12.045018840652878
14.742413424206172
17.159251180418423
13.009342896599456
15.240060327527416
12.129040351995624
15.288997672095661
13.300901702342495
14.758790516409173
16.850461494727202
16.53938458443944
15.532971123931603
17.896101180715625
15.213768443786162
15.26668754900534
16.21163676768565
15.605864069693705
14.602247414535439
13.680910120226173
12.84942819799004
12.004255154156628
15.741816128374472
17.919310734477367
14.597821984482913
11.906134909673433
14.686971296452692
13.670486025974693
15.040914371742918
15.359678805864329
14.248098104961683
16.881925209215147
15.743267188086095
13.96018151947003
15.757493227541943
12.288235890495178
11.213853275370303
13.866060857943765
14.226063031004703
12.390794368546334
16.276866912324927
14.608838787169814
12.424809649746432
14.18136008682384
14.33149291570663
11.416636769002796
15.163114817061462
12.009628985907963
16.15169082522687
16.262829334140704
16.430231324863808
14.44996906365351
13.806930295436835
16.324921934072183
14.639610019336446
15.915523063044128
15.633966294457144
16.191426033564618
15.423487085725473
11.994232285547705
10.742952609296083
11.630694427496728
13.608635272324484
16.22692099996822
17.060553504991955
12.622452588224848
10.701113696059842
15.226569612593348
16.856636496133852
14.417581992862385
16.056719437662895
16.170203100369903
17.07419272860644
15.578531263069248
13.641042876236707
16.232855581962745
14.684412968358803
16.26035854314191
14.368556948199002
10.969725458411512
13.084746382142924
13.093994511985278
11.605598882160539
14.486788559839631
11.707162544039985
14.563477126142887
12.3172253225665
12.593209527880429
17.039548003467168
15.088628989053351
13.029836014935306
16.93728183050937
14.706529839104984
14.928010499306097
15.0090593199999
15.826720467600182
12.914329299080826
12.362100463415807
14.32227336525785
14.760538365745685
16.094117585297084
14.497941825776588
12.721118014334367
14.294534882818233
15.857246471279616
14.357456054973909
17.0889815525223
15.956474298826162
14.980301320879459
17.132784263780067
15.634576069154821
13.838728712193562
12.470019393316502
11.341577102391216
11.597728690094936
11.511122933140005
12.07912527593299
15.672348402637002
13.798421289839188
11.301452076594606
13.988586940819506
15.890220670978799
13.495584026104673
13.103134243027329
13.11724765636567
10.9160728311745
11.095173657980169
13.306517168093256
15.142141299463537
14.619480206516435
16.29140596235938
16.618337965042993
14.79556836964116
12.567631045814645
16.04274425297305
16.083685359990277
16.957273076223622
17.550652473534818
17.981321616940665
18.6500777265718
13.545663375156337
14.598002884146618
17.542449720141377
18.03288758640931
17.255309035386908
15.642757049009575
14.966746240201338
14.740128393698637
14.57844167953327
12.241855297216016
14.202600455064758
16.23534011289414
15.239807002480926
12.13021278514896
11.86724433351267
10.77157245226438
11.408424779512647
13.500911664096511
12.162262700549352
11.228161427010308
12.602967069303212
15.184556053534049
11.968571251367107
11.046477682801576
9.856851905768742
13.754793875170073
12.126690051690414
14.434548996952472
11.960053545198505
12.997221691596105
15.37536914428808
11.76715596494764
10.618646522347023
11.167568673481284
14.564448265334834
14.132398681831894
12.166146129737996
15.126757412675676
13.339594895792176
13.317155199535506
15.320479935596737
14.253351428832648
14.65344186140372
12.056192961744014
10.900869637504124
13.343519061754503
14.165949053125765
14.619523997116751
14.797047808008594
13.513931513920035
11.19390516791191
10.704763495667848
10.183416728114095
14.970494733393863
13.773449643810437
16.38285019970324
13.727759162385052
14.322942557899495
16.211587881571205
12.817757994098656
14.206661905536206
10.865672320754046
10.93629637853389
13.46364571229806
13.222813388248088
11.400532009851133
14.913583676203054
15.206350476248979
11.282696544174946
15.388508828683001
15.255861928595994
13.418056447143115
15.33504048862128
11.783097948178009
15.066620266269155
13.002309482201069
14.153927636712483
13.403854130962378
11.556205934015649
12.249206760498918
15.775287964750891
12.958694551668357
14.227898676542083
14.814636402848254
16.89118359018235
15.613136538381303
13.732539163427015
15.33192174313989
12.754348121760652
14.736623375588845
16.72352723831917
13.086159654741895
11.932641320370989
12.73616325389373
15.700020310219747
12.957835535006119
11.568373644583838
13.494420312506982
14.110372004974284
13.262823180572582
15.842012135461133
11.404083205137852
9.55033407874014
10.73280142515751
12.752301973103087
11.936656804509568
11.040110059117833
14.574447289902086
15.367395778433291
13.672158722910458
13.753611683447271
15.920983056122127
13.880702627058996
13.136458509132572
10.619933498864173
10.66783374801336
9.761107810506068
10.352350204251428
12.484732392431123
11.227321388090838
11.799152810156269
10.965494250852995
12.753453784454887
14.594028799399624
15.288730719629005
10.796231676895932
12.644082994627379
14.748608605823263
13.22864767645666
14.908248143957033
11.192779229077527
14.15931823913553
11.163637381699258
11.98347651245384
14.882280178442674
16.384241226795073
11.324815169577585
12.548750421708036
9.424030334387371
11.175338376698578
14.308432979671007
11.979328370549794
8.117293073897422
14.020452144042874
12.566871162379012
12.785229330000226
12.121145337844524
15.90795901483408
9.584266213422
14.560451758582767
9.934148847488105
8.087588559810042
6.842072683885979
5.109770405745146
5.868485703785986
11.364291978408634
12.157169874328169
14.706370954827824
9.720122912328456
13.20532507442193
14.461291746619313
13.478348419231441
15.2886308596237
12.318108809776646
8.749103218032312
11.990609702578464
13.333023395910846
8.872388771920784
5.709294907185767
4.2911503045640025
12.14661582389404
14.577637818423122
9.0820916430864
11.802455452355655
15.53135265577687
9.83430634068764
10.9855722521267
8.581742088012593
7.855420731078293
5.320730469528184
6.956303938923251
7.171620038091963
8.188758591931592
11.1193498551702
9.181581933061715
14.59723799595445
14.816219904656032
11.74893167654237
9.726931703107947
12.2269537457464
11.78023722571172
8.154286340378409
5.805644904721874
12.90686870014559
11.3105188481036
11.848912616090178
14.484217558315136
14.64907578012905
13.969837885237844
12.474050480261406
12.866998100503631
8.566108283913398
11.597389740346548
8.30191770871319
11.379761245153137
12.468621086235098
7.061970999430543
9.816670852948349
14.950395703500575
10.020879250855005
12.973785509961658
7.042474810707635
13.75754226960887
9.1141366528664
7.447594083147059
6.370862893663479
9.812832226143145
13.001193387908794
15.526477858065414
9.41490496514831
12.058659244325984
7.20342796483883
8.326480757356542
13.055044461224877
13.062291689206077
13.145774807962123
13.5394546592985
12.76213126207394
15.955498964269209
9.284772989394867
11.880026175593922
7.008782589349779
7.200725982811829
6.606919009886685
7.3554699591034876
4.8678711618484485
12.463923440133764
7.6342054283101435
10.439598909678342
10.946218324584489
12.44549652157384
6.741483904846079
13.084327528790995
7.448152336970881
9.552460585615407
9.030046470556542
12.226160950493174
12.246090319658009
13.450715297218274
12.826977133748642
8.84054666819594
13.020877948465936
9.82895015448866
10.531885116303751
11.55775383560356
12.254161780195437
11.884365671695694
12.0002073549063
8.97473009672283
13.093862532570574
12.666222505389026
9.415467995636748
11.584035555452516
8.207925536182342
9.767337037981907
6.695172570822479
8.753139100904122
6.0754689504748
8.206187031776794
9.647269001248635
8.757977513131026
5.504667266009655
11.205974386065666
8.470223753981456
9.55743827695715
5.828338107692401
5.9447877254036685
11.38018544936515
9.278953927134213
6.256059356864078
12.799205213225859
8.0942690437236
12.82118012536716
13.953791190023487
14.610197670975145
11.352043979351759
7.390906516354378
7.038290258562927
5.494573723338989
8.749356867652647
7.221870569928585
12.804649350885509
7.416062100170396
8.69506151009055
10.337258136754471
7.113762469453453
11.802152730516294
8.453855054653069
6.308304970188999
11.90901330893421
10.983565183446245
11.518139564281038
10.431517327494937
9.226414794597508
9.643845297811977
7.207592118678329
8.031504035326192
7.900732382648343
5.142252252318485
11.506689781149333
9.874839779840944
5.102014645349299
6.916146033162221
10.168726050661498
10.397655285991654
10.295688497265164
13.399796202981648
6.507005147559631
7.988881384017363
7.944246108640519
10.142982664915774
12.254411997950147
9.220261689758498
10.544403741163352
6.479028300110423
5.178573642015685
5.639522569956649
4.7354978809958705
4.1429104689161065
5.4407807575466
6.036843893361662
4.309288006944451
9.941993021824395
7.130955172338922
6.692382875230023
10.701662772078786
6.949474130044373
7.935207736191806
10.5008965802938
7.969766793313284
8.122258605341354
6.007593937704295
8.432981540903603
9.229229024979347
10.091522644900797
9.762834156609506
11.216105240642463
8.571103347981262
5.437223676323255
5.75599470174663
3.9917909266891396
8.73965113914151
6.315141987517363
7.401851146196002
4.805286764716263
5.413326501958862
3.4965512668898957
8.042825107229213
5.192901978826676
5.489906656461933
4.050963896987614
7.982573792447587
6.2974250242136875
4.235122993655098
5.062071258077738
4.181419363655401
6.718507441244067
3.9087194926173043
5.57354847420705
8.087050905467773
7.974879116157201
6.6330740706487
9.112166533870033
5.870689758327587
3.7661652354925517
7.078188325446833
10.006308008821312
7.153987006678491
4.871671909142199
4.316467203544042
4.95471063628686
3.3816534882729172
3.866279280083221
4.1927385413316465
5.265644345794172
8.477278595531889
7.027651654877413
8.295189396244506
10.842390325220657
7.084130340750354
6.250673610127675
7.245625320498328
8.128125453513332
9.979424255241279
6.4053099351994005
5.716263416561585
6.093880953220569
3.3950291550814486
4.288995570315361
2.753056599033921
1.8972307040207368
1.595584919326679
7.619096169012854
8.153143060633735
8.769669843464571
5.899649376659921
7.455955491725804
7.760135700545677
5.917503459398769
6.898372573611992
4.316111791414652
8.035995522180087
9.495644598565308
8.197056654246818
9.61417239082505
8.777397714576141
8.824687428728037
7.548170604947545
7.954694049033719
6.4266535852508255
9.103056064072165
6.069685079136512
4.932214576040498
5.397660295162694
4.364807895143263
8.328043904508215
10.176020727218399
10.127402115324898
5.768103991099365
6.248467071970014
3.8973362230292734
0
0
0
0
4.694975173403356
8.783157497186941
4.003706586572266
4.056905178989899
0.16260454499856225
0
0
5.359342427143841
4.071810219049615
5.201355050716883
8.18334584670837
4.277302160318487
6.710473671376715
2.961930514797032
7.392008287961225
4.033885849523907
0
2.4856198486786294
0
0
0
2.4416959349037315
0
0
1.2425268931998676
1.4674979133957304
4.7464319452533505
3.2361134489445718
1.3160518998022406
0
0.5102049725845914
0
1.2044225594249713
0
0
0.8931845964192808
2.0531681144709903
0
2.9418383492524223
1.7048157663660963
4.313178645580957
7.847697565207047
3.2118776861005163
1.4177466541886523
4.178044391030074
9.593337812578042
1.3469811559542615
0
0
0
0
1.9765062526733512
5.743379344525372
0
1.9024698962634554
0
0.5814966385806946
0.9042182449273533
5.818432726400593
2.7152503234289793
0
4.708731731487977
6.4419511095396835
10.63268949378508
4.216365077939374
8.118152251305393
11.000651483357778
10.864269294222481
7.767506431178673
11.53054172800454
7.252002459659607
10.722611266617484
9.327158219976202
3.647353409960958
2.545224542736068
8.274078570147083
9.883967741985945
11.09631983573785
4.557611637578477
0
6.884966206380221
7.648149499729392
9.758127263353959
7.973376723648714
11.424290847224967
14.535919039321186
12.81096989955001
5.511671559065955
8.434579706705106
13.95484270471579
12.562900039842571
12.930353231771651
3.624108935180991
10.230134436045665
11.993279286274479
15.260410571437864
16.47250495946633
17.26810450750375
16.888870128953943
9.48776148791304
2.9653111879384664
0
0
0
7.608274172053515
6.919244419903262
2.065648010950735
4.241771603213675
6.63513672314804
9.824711097289022
2.6966284712707758
8.967328012880172
1.7061808778924972
8.448669343974522
10.417745286205744
14.057688070986472
8.381551789769453
9.572042275978347
6.266467949728978
0.013622218823163834
4.569375437053693
0.21086510748506182
9.755398412437547
10.6637712901929
11.708977995114871
4.526334308546791
10.639915594525368
11.602645674864249
4.095577681023775
11.933469321795805
15.99310571540733
13.546776881439861
8.459726096666813
2.630293184923052
2.7995148593318717
2.496101337160132
10.920642888427306
15.839114209133754
8.9546666077187
5.7048550546439145
12.822359328631082
15.131467879913917
12.978032237774716
12.525152009335384
10.258705130784724
3.7592362967573703
7.38274639270567
12.870581287200833
8.877052463797583
15.199032998696193
5.936370518963215
10.943509851380998
13.904692536762987
15.78250190692367
9.05481102037897
3.3045289386268593
9.368237358355662
4.728134022090081
5.525136037840058
4.597411085611958
11.055873271788911
16.148853493130083
17.92746407328673
12.086073936736874
14.559914388413452
14.939985809531073
7.6729692367648505
1.6298926130499343
6.579623387901382
1.8839269087319597
6.87111281982074
5.731702555931706
12.207248059117816
5.602215038309193
12.425254444586301
7.773334127474607
13.33091281727311
13.033869349583297
9.476741663815295
14.794769647282214
14.371372252844871
10.067348928884241
10.903088004668712
11.351467554415306
11.592803826354087
17.029308035845347
8.63829113493029
11.6449546474296
7.225561640803936
6.785721535533484
2.619345123782735
7.213281693259978
1.7876279243981612
3.668983665826506
7.544531275331675
2.9602191437806216
8.011854715254564
9.769844994307059
7.593655790277605
8.488706883990922
5.8524511661064835
4.461542735516348
1.422383923655163
8.660964053406909
3.968924623062425
2.4347550344206086
12.110187422847355
13.48124855610986
9.604621526881154
9.32264833438829
5.107837003592234
11.167048315468614
13.950829171789323
13.988923142730528
11.028506350649707
7.367074403917248
13.006483465437864
11.650832002899127
9.236434537176063
11.352492922090025
12.396197747656679
11.768143582233826
6.750605013660751
5.784797628979552
3.2838370716549647
8.156065725767531
13.265383130313868
13.005656781636747
12.278232048915026
10.601510077648062
15.21180150160793
10.188030167011295
11.012977338137755
10.562051135034919
10.728551872628987
10.0255637845267
7.159871318949446
8.335183036780167
4.772405106297373
6.973309103924586
13.647742090731388
11.923133716376446
11.705535990677696
8.094011582166619
7.1674314711854565
13.269595803431613
7.5357406333340196
13.769375230533392
11.402222282933185
9.64532544213854
10.207446918897043
6.612486226795417
8.891527074066257
10.008811282525542
13.205570807525724
8.320649402407117
9.41467509802292
10.949293677200991
15.97811618582768
12.581182682598348
7.878402524452564
8.273594310509587
6.301301046569045
4.564275298616328
11.445129129899684
10.335743203601604
14.25456145505552
10.166271043500364
9.198868064645753
8.997812662074237
11.00410207938121
13.08920940293956
11.71975268597242
9.406016291853796
15.580314978268287
13.795063817136876
13.5575553420312
8.35098983633163
14.995220150805224
16.85757987039494
14.961630322540397
15.855920095870477
16.348251687708405
12.22990842820499
16.64125628066067
10.817097199270357
7.324032214351748
14.166425689561017
13.73490220605985
14.017642147455803
16.279764478835816
19.29811026553702
13.028619947548423
16.19019126559698
13.29392792557768
14.358427257238692
9.34356703123165
13.07319645794413
9.678440761030423
8.376794737801442
11.587495497833421
12.609295047090441
12.162969969919638
11.232519037303252
10.942746239395017
10.194851135761574
15.995723807455736
19.09601409111474
19.655876027347396
14.9612852074284
14.256788688237453
17.08520057649708
13.301029406295367
12.08288520700821
13.739518121037587
15.631303958945013
18.039728841851502
15.828837755613183
11.153368207492193
9.259038066180443
14.343843611257025
10.863674749328922
7.909022969157302
8.03290448570612
11.995506171559096
14.02359493365281
15.81166121742406
12.576068504084134
13.75966495922756
12.90500349805957
17.95636311017925
16.667622880134914
15.69270253952995
11.488561090577052
14.553692489775836
11.6068658235343
10.74743147482286
8.304553662007738
8.114171212058373
10.124914434459525
14.009862397473958
10.103188363094365
10.931135139593025
10.389247375904361
11.814191864603485
11.192019329406248
14.790200879033964
12.031918856448872
9.187154956670911
14.692717632594519
14.396147042381555
14.029504662857978
14.077677984406135
17.364110796052035
17.02303614831318
13.765796706958223
13.704051882042442
12.63203246087733
12.755302467620444
16.84987235484184
12.329292484322629
14.148365699581786
13.021037210569968
15.29882921116383
14.49010179247426
11.80731340061711
15.74165819111604
16.116356537218397
16.555007064281554
17.78203744038186
14.442844478793717
11.463105891329938
11.616279065503136
11.479389930369015
12.770842070837087
13.616886818150142
16.41154690442343
16.021514072290696
15.669957309044374
14.278901934911794
10.747286427936725
9.92016835698688
8.575766758094286
11.630912640007523
16.057241767603703
18.96110394990955
17.726207703290026
18.204995779262546
17.502511134486078
12.46207568937527
10.461847285107963
12.497306458851437
14.875915299237946
15.552024045351013
15.772554237801652
13.940153284162502
11.616091683123015
11.518796794991044
10.799658636698005
10.42723952693684
13.78482803827167
17.17183888746651
13.409311540594032
17.37221118954496
19.273125739000232
19.772201808787038
21.182759696821975
19.006773530275208
14.238383465881816
16.232717707826293
19.49761264362762
14.16350386734543
10.954343528629021
10.46344859521829
11.197177050896727
14.847129442822542
11.681339399227195
15.890865177582146
18.831520585823167
16.41094603454231
13.46780956921762
16.747861972821745
