16.93436763851505
15.577608865903827
14.135330160974354
12.387196426160113
12.06013675219224
16.16497065087665
12.082004303913072
13.267644380590637
15.170175016075254
15.619551020778406
17.011527928593477
13.071129160354243
13.575455677119335
15.662059661913583
17.06088575608044
18.375004929523875
13.255584671487455
17.038839346188528
15.574343807028503
13.135007723443424
16.754263867573968
16.02865161201645
18.071861013321822
16.352478610986168
13.334638020100646
12.132995304999385
12.226892306176122
10.644087388636384
10.51767628243547
10.577482767385021
13.824039014689673
15.906743781788425
12.251634569363105
16.84631423262093
18.00945691640636
15.857037535155412
18.047607042821237
13.427332618557159
13.114818624126007
12.240234573325639
15.913009695136939
13.537263484636968
16.81426718315519
15.542736156374996
12.17389047574954
16.61866195049302
14.150200400063868
12.572411852372946
13.520842245791023
12.895464515642882
13.163463745536449
10.705983005063896
11.018928760888521
15.516979234714139
11.320484319328953
13.064223375392267
10.750890826435487
12.538842300528211
14.217444481363765
11.87724768817478
9.941433376764214
10.944725889946527
12.974801633492081
16.51027569918339
12.587306369175607
15.119682161707052
11.048729114075302
10.354828441324603
15.580664089252213
16.2020906381419
13.154124340257725
11.87706374358259
12.476373325220587
9.962377810297728
9.517358596714004
9.803198312010824
13.41279080363413
10.399508587472987
13.314557159463527
10.887995922824192
14.115080676955406
14.782131339537314
15.39280504132088
12.747430390917607
13.527327433127596
10.815541370994538
12.511594600968241
11.466480159204323
14.868848227790503
17.363073109332152
12.609714274973186
15.881333387265283
16.233780734625945
12.608950273583467
11.367377621583213
14.553840775495638
16.8681867171364
11.972989821151595
10.000034050783063
11.06244455078553
13.995347306957422
16.29267785569084
16.573565677183886
12.781167041963698
16.315256411791452
13.674860458582526
16.609679562694577
16.411904129978996
11.675635266017967
10.435407536727512
14.961644811698246
14.212957438797815
12.478342964888329
11.064766147067278
14.377310980494784
14.81031083151851
11.00799285531182
15.407408097608876
13.998068587985488
16.097029189458897
15.61713188452613
16.005952749310477
15.954582615395504
17.740153566244633
17.731819675211757
12.530932053655619
12.574310170709891
10.5600859601691
13.737899593486567
13.164877711857322
13.661214198998923
11.774615724517183
12.668316874659066
11.285917300086428
13.938706903266182
16.492022868335795
11.281841254370573
13.200855820235663
15.91543486790377
14.710638651270425
11.407609056037256
13.672807355826379
11.871018789336539
11.978093892477753
12.083569806221586
13.976132531157477
13.292312999187548
13.461032453794289
11.527439827537508
12.569975901314342
15.715891697677915
14.092832009401587
11.87768673230564
14.463731997549173
11.61192307292982
10.147432031602586
12.515600585982243
16.87958149634268
16.83072075200424
15.673633014672134
15.77430802038623
14.544611723200038
17.077755894436955
18.721683772326962
14.881521508424212
15.996874720809902
17.915238653449734
12.992777270606869
13.98927761044185
16.256675278175923
13.6741933516005
11.465486693063843
16.18722498047781
15.086273397593612
15.550923039056983
14.542749254278803
15.710839466113024
14.598437881264255
12.137695578587564
15.624687303841302
13.88630145836996
12.096128107762658
15.793795626370823
13.678826344168062
10.803254421005562
9.80384101818921
10.449664109630627
11.449049673084822
11.068682107633942
10.496365168309639
14.375742795674597
12.073557220655239
9.984596266516395
9.444964198584373
9.284671276614787
12.53627741479561
11.828949743113261
13.057772712051628
12.768740165829602
15.365371531572851
11.327069350042564
12.56063572907632
12.475354570280505
11.23667188946952
13.568898757678525
15.201447822401686
13.483649654545497
11.564863529050657
10.359234574576035
15.428154552292167
15.937696367062392
13.882498005681786
16.47010917544141
12.623640923241812
10.545736800171229
12.65855830274323
13.794406810811333
11.667137258615519
15.552233130816985
15.898382391697284
17.758590612148765
15.334313497637522
16.03966454535935
12.735204352822338
15.530645111449246
17.148128430885688
14.090234490759581
16.987813579104113
16.721607313833367
16.664788074547932
15.687509883068074
14.006610916159563
11.175001758942804
9.590774141561258
10.845211115810491
13.481807825597729
11.181247028843234
10.609245377614558
14.211242931337015
11.051433789290275
10.387446019275067
15.346377900216202
12.685493766057398
9.771691960358275
10.139861965419938
10.08277842225447
12.571680164304325
13.464739317477529
14.95465719200148
15.298758763207264
15.298473823892941
13.948406672227321
10.785011755196866
10.258691211658117
13.222307603434897
13.849616073169898
15.031371124003291
12.724935330967114
14.07930731290758
10.649582575016154
14.193078373997722
10.347414401874781
13.452068602468927
14.737044757972907
14.002059197637365
14.617648203427162
12.874318526439161
14.000303727257895
14.462858120257863
14.715379452414236
15.744508757458217
11.253318587044404
14.292351355233805
14.956619874811945
14.96400663881981
12.904804353316392
10.051267908664105
14.438804789940406
12.013908671941474
15.251816755414886
11.617394202333731
9.835333402839266
9.025076182349435
13.801438846551221
13.993628128352556
13.807757590354825
10.341873734608734
12.549191283231323
14.728801419977609
16.43131932428043
11.359208514149847
14.555906822372993
15.286624585126795
10.668355685221066
11.661875391575778
11.010808111323193
12.53043937505429
11.231827882516116
11.880052209626625
15.198759876176775
15.246304422606482
15.657428983470663
14.758754973304175
12.251522607034216
9.405975728370777
13.185237923927044
14.55635879516028
10.739638100516629
13.656468339311335
10.080203183515625
13.893340334402112
13.218860006158353
12.932620405454779
14.3088432347476
10.42682602561769
8.93658060991663
9.234354909066418
8.018990678299595
12.349885807525808
15.405408288077627
11.818625953214017
9.44925331692322
8.317653138138672
7.502553609605915
9.94105992707797
13.203930228007932
13.289843187730593
13.978030958888297
14.069179879070205
13.288298718488715
7.2013814271097685
13.428571918405936
16.919407343387952
9.283885042837348
9.419008600885482
6.235721556713779
8.02423183102618
4.722757891472507
9.185533121013544
10.81973166528767
13.3104985004185
8.69384405617089
9.784501679112047
11.437742739168563
7.676788842874817
5.700418058388369
7.998120421676415
13.068938415169804
9.52229230744107
10.858161031838023
15.640807598412302
9.251021617281673
7.3848213918710295
6.99061807149286
5.303781291919908
4.692550295199069
3.6219985439502063
4.074956978671307
3.6501648656271213
10.83277506995843
6.559292164590477
8.503516866653268
5.8773624398988495
12.947160135533593
6.707878883523969
9.750872229816187
13.131501885207193
13.122715973332467
8.978737352263007
9.46715586914521
13.096926939182808
7.445078618630674
7.105263634902425
3.935805069717728
5.841418720727624
13.190686171782577
13.125542152183229
15.216034100887615
9.839121551253236
5.1774731104139216
8.782067580085997
7.86171629733408
12.116002003953476
6.219861850885722
4.870824549834513
9.65308984531987
10.330821645849273
5.969228771599356
6.669264109560498
9.78096312761602
9.055415211087132
12.480100135935562
8.958986741799748
12.832003759345952
6.974626616377023
12.59651863309277
9.686201348654437
6.549054984284771
7.452741983827778
4.391235734482167
5.023524325452464
7.497166328350434
9.124030709234084
4.64847343188693
6.606913915907198
4.790153210835751
3.114971500306778
6.138384123245371
9.00134306366246
7.661745898280783
9.311769118816084
12.409012860925014
10.056834637514601
11.183134292182917
12.649067070866518
10.423137330856859
10.189261885159713
10.482855966976558
7.66730242624211
4.867694998773887
6.210230477197758
7.059564266814219
9.518965835956434
10.536186469817995
12.868973448993923
13.212280588010863
11.917342518542265
11.163235814008676
10.136611715395453
7.07990647838463
7.710265233054834
8.86861685215721
4.900722894949874
6.664748055891961
4.361607017973791
4.398714367189802
6.324797400029927
10.046712991021533
4.917047816708194
4.8863720705768605
5.164925740848369
11.725651857710824
9.909524895747303
12.975086113948333
7.483631887780749
11.539522396258224
6.1585587630668
7.235262428973906
9.086352917369556
11.866355501073446
12.915593020416846
15.463198583139874
15.30677846092123
16.041426966880007
11.902560403807335
7.952032169522307
12.553464424808034
12.44718821866137
15.32215602440198
10.866117964833863
5.675879932370258
2.802881367256597
9.974360954810667
11.446574449525079
10.342448562904782
10.586009085444983
7.558341161627938
12.750356240157693
9.666961406612058
14.029960791899022
12.61994585073814
11.920722411820389
6.384011715016378
8.817614339089875
13.05877519654366
5.6458629670044305
6.186873345697437
9.638349989769173
6.837560344712993
3.9531923120374923
4.664394575671425
2.2338675876665812
5.150873498539001
2.8314859043191456
2.4653010697301987
3.114205235040275
5.699141572405642
4.550808027238343
10.925088432997894
5.908039781390244
9.156346231077931
9.090075403674632
12.282237626677638
10.275004404378219
9.328826147942841
11.547991434336911
11.353830560552797
6.52282391666883
9.332749240129319
12.814009945261162
9.91713069131232
8.699663544337437
7.071889477640079
5.480174126470788
6.425225417122325
7.614538949822511
10.418408035917334
6.632589921540499
10.59114658087029
14.347143008252848
8.133493368736698
10.67672647375409
6.479203960164252
2.7003262859855424
4.946185872717301
10.711281024294163
5.5782279473355825
5.852956931210016
7.866295612686633
9.06014791370129
11.750648027225402
12.123982873019
9.914259489010307
12.069215388997868
6.705293937259728
6.149049424208816
6.0522855827064825
4.682484692143038
7.634904881735574
8.179719423458273
8.689044610711681
10.80135164370272
7.405484800431861
5.464274690266364
6.114640977428203
4.6097519387651795
9.632956329379333
11.053492965862542
8.387114578373112
11.02536817277796
10.727347411976046
5.455970876700585
7.890364674559276
6.403357893822528
6.443692264494837
3.4439234154221934
7.411819445550318
5.312697517322615
7.743239567235085
11.031208811179503
11.367324272127282
12.384628904088503
6.553492487345785
7.50045473741384
4.8748636105038035
5.686556874671734
4.76840015985888
9.452624401853479
9.485377637038086
5.668194933522027
6.789852819965119
5.2636391599700225
7.41317214709329
5.359291006278751
9.053282491337116
9.480929182540889
8.32668127695448
3.9397730708241476
7.249205363515344
3.8392363623526093
9.245806347968177
10.900091630605463
8.196611471203274
8.382703577546204
7.272877598153461
3.858480193299703
5.3656519143091455
6.276217744170941
7.2320709145278705
7.311975936868045
9.171118109566347
10.8894223008698
6.519961860159632
8.142958655775441
4.475176016506133
3.6024725875987222
7.1971247571988695
3.903607514686895
5.0922364650048095
4.692865103456402
4.3666591522448
9.144389182082463
8.328624342838193
8.490641355675637
5.310576552044635
9.413998449524064
8.90585016521564
3.829164185158572
7.792455357512971
8.335293285529795
6.570520053119674
8.984965186355751
5.788372373747989
4.0036655262523935
1.8402740588109676
1.2219614011652857
7.135101910347897
8.41732983520885
8.867819345655018
5.443056180639823
8.344474396243607
6.53426531331551
5.260594636289642
8.681954938260827
4.6578488489377525
4.88415473193937
4.676338686647384
5.464494261646093
2.4041018244445125
1.490319990690363
4.192058276790593
8.841831994008082
3.161244134948287
3.4434539440628793
3.7454496033455706
7.464728850962002
0
0
0
0
3.6946558945586396
7.881018679223729
2.0664118660184903
5.821930647184261
8.330632475979893
7.3637730670215
7.841567416742455
4.936021019792804
9.266823092028401
7.684394752648695
1.3582599085491855
1.5425832753818742
0
1.0953460585003185
0
0
1.519083668063752
3.321324825379725
8.451113564307438
2.4041683474318685
6.765937087363017
8.6171332494377
9.250420428236318
1.5324135462737303
3.8930604478721467
4.919389870261773
5.84420215653131
2.3157369559139713
0.32036044850141465
1.09789603627424
5.309592910571296
10.009398908204094
5.927737821544157
6.69045846363088
0
0
6.725495422789672
0
5.26938071104894
6.252747868511487
5.804405494714347
3.125906808077305
0
0
0
0
2.4868053554286185
7.846284283711094
1.3007598995485035
0
0.07101471083372957
0
0
0
0
5.763256779170373
8.362974743807104
6.341165885230222
2.9633793262598545
2.757689175475144
6.804999124544332
4.455439907336307
2.8468058992766725
5.666848569854383
0.9535188246422859
4.56183158861133
8.578814831194666
0.4734298242160051
0
7.045417952212672
2.5120147806235344
0
0
0
0
0
6.666934411572094
6.088652880932054
4.45096736942094
3.59202038047861
6.325421781342738
11.097885418167735
14.392640916271777
4.199675567288268
0
8.517715943216476
7.4634591358398055
12.531435452446596
9.938692596038944
3.84916178203468
0
0
6.10794276771593
1.4020062950316001
5.699862361875007
9.187722657062434
8.106302014956983
6.506935455253701
12.017904892610876
14.230599478398798
6.556822591519843
10.896662664994706
7.759131610931885
13.180584974565674
12.08839130240939
11.661004764748768
9.372215090669437
1.072975155791993
0
5.686536181506039
4.440851847411438
3.0414180601726937
5.696913001764482
4.012112188697424
2.966843452314869
5.221061232659628
8.345487447285244
7.945197278856847
13.802494819808356
17.256637469741026
6.722563118491353
0.23139095296068746
2.396864121814504
10.658040135835614
14.19325226569344
15.643044104336655
8.149679416696177
7.7104460270525745
4.682370644044258
5.0151776039436715
6.832283417223703
6.338880636277197
0.32808922629718573
3.636220065919673
7.337059454017883
13.463734444200337
6.4064780218065716
0.43242622455266044
8.18549481227999
2.4396245818230886
10.617996152199247
13.668366221604208
9.254745590340796
8.836915203130289
9.960473644437522
1.5647966374376976
2.568694227734598
5.485568501603597
0.4110540296023002
3.4825255582193626
2.783182212949855
1.1059326889412886
7.614638889765978
9.035467246701405
4.047302546832196
9.666796086479483
1.7399527870352598
1.5137954497600985
2.441369313244886
10.780100163637947
2.092959548401071
7.07322795437393
2.208243813471416
8.490223406003226
11.55833059700825
2.421083740337492
1.2492727855033046
5.213654492753951
10.588440143466304
3.861661536614161
5.4511513388629185
8.670279847994426
6.110295101405776
12.58709461482365
6.442643776572171
1.0983841129995584
6.820824226757655
9.878609181261975
14.025509924746025
9.592899208899322
4.127485395931085
12.589428547160168
10.900989200785133
5.568614261952219
3.0196741056469225
3.8268148251900413
7.373645342309684
5.734402826353371
11.817844869710822
16.55577512538209
14.222877789544162
18.31123156344408
15.779532363501932
17.10263434800632
11.618280121147986
15.65082465934612
14.419900744813262
18.801815205457615
15.39382739917249
5.908704914151141
10.910480046252927
12.562324426268626
15.381504722590655
18.23311786129585
15.488062918346719
6.653895321445404
1.8100836808098881
5.448014227158651
13.89861040365417
17.3066779891194
18.417106008342863
13.710149920618
7.526196022576347
9.867942057938581
6.700582528814413
10.984900421880784
12.519024968348216
14.437024338656785
9.073474984918391
13.059738350390651
13.030082937625549
15.956092592854976
13.515594445317962
13.960941732099293
13.667364353154536
8.205303393728116
11.701944719642224
12.709776985205956
6.313583398947438
12.565011849212592
10.050360019486305
10.885826501301462
14.919262518315444
15.451315510005278
8.79870872321965
11.981575900759655
15.529989774564333
11.352946215659228
16.07660172470179
15.779676689004267
10.198145311770318
8.740137327345852
4.167515127141032
6.286080264261452
9.913430159011774
14.996648848202941
13.592182180726656
13.928617123473861
17.58140919609893
13.99862353863666
11.437004231151263
16.25700067968659
10.587014236827661
7.348483594626625
13.257812881915749
11.10873456114373
15.292206925668278
17.64020765614683
13.475787346542436
11.48548284381904
12.499534008425682
7.522380240539779
8.244438815157768
13.852114279519167
11.109414930336893
7.057330054857111
11.419986322938403
9.423746951312378
9.024949091185261
5.464622789024527
11.17472818573541
11.307977041817452
12.47952899287938
7.478897822581763
8.189336974203862
10.009730354506729
8.501277716106472
10.741781387670235
9.775186144362559
10.467944533417388
11.82899685569434
13.438023281413365
7.801726275964732
7.086843549443698
6.177065208216799
12.865657241825957
8.636828534277441
12.685917418668346
7.807531333999755
5.434204526133105
4.289118432616717
13.129346008036558
16.339914187389013
12.857606300650243
7.213608750843511
10.72164549117394
10.000009225452136
16.350127179806794
9.656876115835722
11.625911980575763
16.58932314846523
11.433382450155687
8.57986883978246
6.086358203635013
7.2560460967916
5.497956942621343
4.8874716567018615
13.460094007118139
9.687895798674624
8.978747013704227
13.809697903329266
12.816016114585768
10.775629037737668
9.144656160467246
7.9497160567869845
14.365082749660774
17.572382766512717
19.067935957160405
20.843367311554303
14.197780150113035
14.776348392716667
16.161410466794262
16.480072115770046
11.883038923101301
12.474303966562402
17.03365373803419
18.827999354442007
14.264813619377211
14.55440773995901
11.683683346068321
12.334414738661348
16.817521271889678
10.760923815994424
9.821046399240071
9.550422226350458
7.792789013722735
14.897434147202453
18.811502626336488
13.2121361877943
18.15927989938781
10.616391105418128
14.743918249633035
16.854091362048855
14.976035283456795
10.628191941992167
12.396364268448053
13.758335021747023
10.56268188468053
13.871466654101745
10.494663712729766
14.033947133458064
13.564511865556666
13.4131278517421
14.905469199040452
13.50727809646408
10.730091004616796
10.18036193314692
11.123002781614911
10.568679908244356
11.515370621498146
13.999369524185278
16.238098779780966
11.710967387358336
9.551670389769484
8.16387800740721
6.616754023922487
9.571195320313619
13.28078585922408
14.204343233335624
13.722689150562088
16.339948069600872
13.32057664569442
16.465906161887972
15.774078600535834
16.39213293472879
17.875988632047846
11.87314365478873
15.22368433315797
15.129152024331503
13.033181725799171
16.420697048611487
17.244317776143063
15.158794078886654
12.168529071466343
12.790658943052641
9.950964359075858
10.821690083064865
10.395891544798564
10.834247512011636
14.68215370075087
11.99529226828009
13.111194768087941
10.769108701651044
8.547898500012861
9.585491684978502
13.59069773791526
11.398313967508386
8.847414953087718
14.459501661636658
17.547664833186992
13.883764423418867
16.445976276533766
12.174571582279011
15.723352561325783
15.254720992778122
12.151183786307346
13.538775704128525
17.404898815849517
19.48160206783684
20.35826861956641
16.49988823869738
17.73232687777752
19.06032104748265
17.982595330226637
13.164152069027526
14.212398789341016
11.99487418607617
12.12989884583099
10.423353717844492
