16.112238915542974
15.662920514189159
13.25097854086401
17.153531665046366
16.56242433314201
15.595026673738477
15.439279325725625
15.37269417980027
15.146891302951156
16.723258569025234
15.886385935048416
17.73561420711195
15.2053011841036
13.842804001108709
14.652321503113999
14.980216784876005
12.16424103574143
13.923914261134254
14.398177082417643
13.328209655261807
14.377860776534796
14.804096341824451
17.654764648850982
16.79564601044514
15.777075363934891
13.954520735070806
13.12374138502736
14.212438367451302
11.657576191351975
14.718106780217163
14.843349856834893
16.551225749080334
15.585289741711376
15.172001246913933
17.37411134838966
16.60482429267309
16.273659704726796
15.416418561017258
14.081055693421506
15.137444739904875
14.795829372218927
11.896081428427408
12.304026220765202
13.628166678716006
14.238829730200962
14.114046061333378
16.62575265580289
17.48233541216259
15.802999119155352
15.322684946856494
14.882263992012703
14.688565835148893
15.426386814209625
14.58643507617157
14.535494723319895
14.504585174508602
13.694277809037096
15.682030289841027
16.261588667570496
15.186339562131028
12.863748356976478
13.7435553283965
14.101772276919222
15.25487582962387
13.336423770731004
13.91500219037041
14.147714148722951
14.236795494142456
16.172319723406723
16.55239245741307
15.216483206235228
17.157646510488807
13.289993715846254
16.633813102028633
13.65441373368392
11.271888217148817
12.613727541946549
13.530142237720728
14.615608654719747
14.354340508349319
14.240898001599161
11.066425031938222
13.870174514533886
14.026342645692672
14.43706760399136
14.2551409138412
14.17313782445883
15.204488633258606
14.565387928457262
14.298213686670543
11.302637873477394
12.936609160108432
10.6139351664814
9.585566031342433
12.219494688992793
13.316562524238497
11.488998348810586
12.988310266207371
13.612600208235412
13.872268493888498
12.772410917761821
11.65396247429223
11.96381764527802
13.177164656450552
14.02900548622617
13.36231996741497
13.74768957442502
13.902578624780107
13.960674635609072
13.977908949278302
13.97765879094467
12.762725058677928
13.455101450496693
15.22231345382906
14.45434191331977
11.126939086034165
12.738815313960838
13.401155577331483
13.95693336416307
14.59762667857467
14.258329723308158
12.552811847655864
15.416772792507292
14.453236903232991
14.928768480765253
11.28391248598928
14.72222995880446
13.449164861979943
15.241543297155077
11.594570116754848
12.766916738577347
13.249741077945583
13.445241482215126
13.522900500674243
12.703740671615336
11.281027679703207
12.579772996012728
13.109999964894506
13.319868992789141
13.396108948324835
15.533816308472778
12.279507814026566
16.50461281252177
14.666482491352223
13.894972747250073
13.567923798373107
11.809366986998466
15.928486574682255
14.381675318002497
13.725777747587241
13.441009761447605
12.5910882285084
12.944968522970651
12.685862201473162
12.962184131488668
13.06660834277453
13.099653876276946
15.220260855902023
13.976486473197575
13.45059368792463
12.261095645449998
12.713244784892215
12.891960337945786
16.28977420026593
15.669929435211767
14.096190379192745
10.362688763760127
11.869439191398847
12.4874543436279
10.720988109180503
11.993767550545916
12.517011718090485
15.17303673626543
13.834871239408205
13.2640113612446
13.019690421222226
11.6246659394686
16.630135341890405
14.405146467353333
15.752700813043809
14.030792822261356
13.309949190293107
13.006482588444339
13.045606542177135
12.887153742280013
12.819418940528882
15.394340823386566
13.863327292471183
15.423323439925689
12.42622070007488
12.611083311216003
12.68802713724171
14.837312236264841
11.031347275150031
12.02794416628862
12.441379294789268
8.973649744257711
11.16283047971699
9.24404676437836
11.267384125831663
12.104419204349256
14.807529730003134
13.567418677607506
13.049123144105447
12.82553739529514
10.627275139255516
9.140416040329917
11.350667423710256
11.372655631567248
10.968995983997624
11.917789401075412
12.304519840615326
12.456376909508807
12.50990312479032
8.88497454475275
10.282207329330856
11.573872226249769
13.003332443661197
12.210841430224985
12.346434712476352
11.915687542127861
12.20171182426148
12.30956298782856
15.027787180084268
15.338167895797554
14.72607092689034
13.314083864755206
10.858924340558904
11.677618238669297
12.006348763666697
12.131021128111513
12.159230282748869
16.221781413606713
11.019395855269009
13.871034512962742
12.849456288519976
12.412243648228674
12.21817289079529
12.125434298304798
12.07486447568321
12.042329482127995
9.271388890014553
13.454755164338044
12.582845145384864
12.207809886403075
12.039838548894162
11.958600578602997
10.950785494587674
8.49328636764032
10.446971152771322
11.24999862272501
10.854196319186297
11.31610853485753
11.569257716663534
8.923686025786312
10.562022131321557
8.24579330565053
10.260176581744977
9.154899359573017
10.620521626016078
11.2222682881461
8.799436609090225
11.99582058270423
11.769296419762053
11.666170551180448
13.488807826419732
8.971883393105507
10.00028349811483
14.149945735142845
16.601939206340557
13.63558284337331
11.75500965792477
11.604856021126452
8.30560788139205
10.158699387778068
9.802291319255472
7.705210034487466
10.800020558882647
11.1856129590872
13.217986579688874
13.981398789980068
8.866725405405319
10.370998640144396
9.952776309952847
7.346694850608629
10.30854768353583
10.96521843913298
11.237767935926714
11.349870039955864
11.394451322224809
11.41028002157308
10.532046279956834
13.161792589198232
10.201401480450388
10.895397710232476
11.180121798050674
9.3610192968152
10.05957496547026
13.830218625590872
15.719477711633235
13.16703286588917
12.09643929593562
13.03090149521245
12.025222055207829
15.256042586582328
12.704321478162
14.461468003239487
12.585663717402296
11.799574056923538
11.462806386989639
15.45646655200377
12.966943560498772
9.826893606742669
10.61073321759847
10.905231248534884
11.022502619820486
11.065923642029597
9.056487416193292
13.719652394069518
13.21999980930194
11.93711350532052
13.913583562294912
12.20334674793589
11.479245579699286
10.041192074503044
9.025271386921336
13.858866104358075
8.890734093820669
13.373971473010194
16.973378393106447
13.384950506441058
11.87769791744039
13.54448847854659
6.170501948495019
8.835640021061876
9.934350669508484
8.28133620554426
9.679634863393094
16.333824819160718
17.206402564609068
13.351109146594599
11.73875117899637
10.724339801138864
10.626647552220167
9.35638394220052
5.668330487436771
8.490838761944103
5.1703667598993075
11.443456135934724
10.858384917912002
10.603992006781933
10.487451711730833
10.091669990113314
10.25289884007022
6.942108339527191
9.581312543566572
10.00147322902459
13.859313167862087
11.766452004717333
10.886034699256914
10.515302238732357
10.356955453092574
10.283780733156878
13.182883930587526
9.097421731051867
9.739734580667314
10.00158840497167
11.530768186042973
6.246036213888907
5.423967351164267
8.183660783872151
9.330304385252326
9.805481217681844
12.685973930118248
4.9466312009004705
6.252026233800344
14.347790320064988
11.888961883911481
5.617521230193026
7.793760686682696
7.6932974537154255
10.797846932930526
9.698172387010981
9.952072021631876
10.055063556545605
10.766698357539745
10.391154894129613
8.761278339130955
9.54776320997107
15.199427658202872
15.032409211596377
7.530763810200396
9.016466301298507
6.5238240605606475
8.585481318176424
13.25520308466827
16.57890737932778
18.082042070376215
10.140285447567114
13.242923422618297
11.506034063435779
10.60690969937009
10.223279865851518
10.850586766318134
14.62766146798618
11.870845895756242
10.711848606108028
10.218583661807616
12.938664595394286
11.124970759570001
13.924121450349745
16.842026840485467
12.718559657657096
12.540417150597605
8.426036792667853
9.176221141943095
9.476388923466489
9.75590851409642
9.693098079419979
13.471789542978058
11.131465527428462
10.228556898701841
9.839605211861457
15.748230319718683
12.119262886357577
8.374491977295063
9.182324429999587
9.32627133265723
5.386121098441525
5.500358130017643
4.031033486312838
7.14192562645536
6.327006147823623
3.2056316751678597
9.823624761200115
9.506995519347289
3.991078485823313
7.058800575466175
4.595622597070042
7.281620139839488
8.389468628865917
8.880808531899348
9.03357367482046
9.086383130124087
5.991516693732265
7.797445254633836
8.53936791333112
8.838348607305079
13.777810791645496
11.00171400425548
10.884231540207894
12.33758353286224
10.376637653740097
7.956399489863631
13.990349889808318
11.043914881971528
9.09506360893197
8.991018361693552
8.85644899013001
8.879320972934776
8.883514368084322
8.880552869881138
8.875179909610672
6.644450869921826
7.936776794281226
8.472475620134988
12.259031720307174
8.92515158821776
8.877680324991541
8.856212760961576
3.600195568326602
6.6559867542168965
10.854874604693634
12.60442811030569
6.283752010448624
5.537460042696601
7.450381549694475
4.007022524459316
2.5703839898370253
6.208378905776689
6.252181509981493
7.736684089685289
3.7350775651688455
3.574125565789417
6.608757453028451
7.868374702348957
5.659283019855012
6.24391764409156
7.699074043559754
8.299093257084952
8.5420025308565
8.636042580921904
8.667563890829758
10.224246604058653
11.367749441684794
13.220093822987163
9.576797888486356
9.015427921140665
12.212160802901625
10.085619992763908
6.3354575276779075
4.888524286945186
7.00376010782726
7.8742893968624195
8.23144380504857
6.527363434230643
10.085936110412504
9.124275831859691
9.50825947018454
8.860256846900299
10.130036556852449
9.095743659683217
8.652863130113598
8.456248293116737
8.361941627822546
8.099316630559347
8.18818262517528
8.21235812450334
13.066694561006386
10.219749582929362
9.020693227061066
5.673524402090551
7.100992678597134
7.683348813227027
7.913685218676903
4.383777937818369
6.514356869261715
7.390140974701358
7.749063255037656
7.892609212853392
7.928697082899209
7.931933101307301
7.921684806716353
7.905839247426705
9.434345205503426
5.483946960303957
5.676441174019226
4.6744691712033895
6.496638587222454
6.587648857494901
7.123146806355326
10.74238250600287
8.853638515704597
4.159685811520923
6.107941482425169
6.6146946124053985
10.036829118440323
10.876227598678899
8.897782159834698
7.863993549683711
8.110623818144132
5.579960288836402
8.706997479818058
7.971271841038986
7.659309967572546
12.1858897434518
13.774134350129797
10.05938238541749
8.504992694711069
7.849783475063303
5.513397064331982
6.587517886105938
7.026689193376745
8.942530059883133
7.990988831262903
7.585732503990451
7.408107999636822
7.325106028270666
8.146484959413566
4.584874762174711
10.977350430236847
8.773771714765296
12.409961375556454
9.349674752861176
8.063623164540854
7.516765966612175
7.277985300570094
3.2616379304639747
5.482221528903139
6.395753573911138
6.752126148075973
3.6641031687176113
5.58931655686423
6.379347870546526
8.340542189117219
7.507757443036347
6.753979098010313
7.109344063272302
6.96432905009317
3.8620396544169022
6.548851703059266
9.018797836124016
10.327553431548584
10.0813357393263
8.12733154736247
7.300651120023943
6.943827139089578
6.9663584189382695
6.780008945754778
6.678470971804018
3.600879929067812
5.342167639986958
5.168479160062019
5.971879955747845
6.2951245919645284
6.4071046403844205
6.442836528640589
11.114570586492853
10.232375918453178
3.52585302086848
5.211473195825897
5.211594749758429
5.304332120596279
5.338299069180412
2.1211713261772562
3.4005211323510296
5.104703904942674
5.806821924300413
2.478158092921286
4.6981494406387005
1.6139407015911988
5.775535365785608
4.583495041083342
0.27221805771910956
4.089728310465455
3.719233089295367
3.5363022834580082
3.453735127307194
3.8195182409241557
1.6971497206520239
2.5030734216889208
2.948635464167208
0
0
1.6601517859910002
0
1.0771077729272882
2.2831572724490012
0
1.7410437589790009
2.686644708770195
3.2077973755787763
0
4.244105820993538
4.088598625061152
4.022199985311632
4.003349671141287
5.291458302990957
0
0.567422721300181
2.225027263405777
3.1224653748003224
6.486551231120453
1.6087383932610901
2.9379926977765134
2.051874983407907
0
1.9928512596759997
0
2.0126133421870005
8.729919391486593
6.689454488907246
6.883549214603873
0
5.220048083294646
7.4319572173373825
6.037391809618227
3.6671516347258235
4.0400565119206995
1.5942079617746732
7.559737729156824
0
2.1013102233380003
4.500863493737123
2.15181157905156
5.1173579853221645
7.282303793564445
3.061304587671133
3.1345837549606053
5.2111435222247655
7.9294623377769575
6.374810001511784
5.559143707793688
0
2.153051970414573
0
2.215374749044001
0
0
7.751852539798789
6.4079715881786345
4.3519497960203
4.608201297075432
8.791896377360025
7.001858711075309
6.060031991280786
5.571562011605428
2.094435851765158
0.25374542110539
1.1758187278900172
8.659170684029723
7.0341541826432605
5.131747119698267
0
2.4608737056450005
3.7897469149771723
4.514584659476819
4.917109079941831
0
0
0
0
2.116600863933109
0.8404933756256536
1.4057525989792667
3.3914156398603374
11.408107235159186
8.671831578253677
7.314735097547163
6.612319534608167
6.259241709389918
2.125179021613861
3.878746523494157
4.827784143257482
7.017716668365171
0
8.332857269624315
7.255147040444535
0
2.8320591917969997
4.354002011958879
8.076816708494707
7.175930170169776
6.708436482446594
13.932347885868984
16.385224568898778
17.52602201718055
12.254532441072543
9.455385355959308
2.785085016569816
4.413771570076654
0.9833371038634553
3.46086245829754
4.787014987423567
11.383363129826378
6.469973273775151
8.773278611836098
7.6298076128237415
11.502672061561517
9.100560732283226
7.413867202419215
6.985180031311893
1.4143374402010327
0.389615115631444
10.927365557022345
6.196181660078994
11.585770752340618
4.979266188553506
13.768013113529408
8.982083249328634
7.948706084314759
15.232476450654687
11.312682524826341
9.235543782895334
0.32350274498101683
8.410750424759412
5.360860820750341
6.120074300987382
6.533035067991867
3.687266567576483
1.6574665798000607
4.191405803867313
5.559593307810598
6.394859050968396
11.777409110006278
1.8386136897164143
8.852967018582447
2.4212564860737515
4.716411022315954
7.629121148527773
7.53005916222642
7.502806305892018
7.513870801307982
11.842694635974784
9.862358351136145
3.6386670740881764
5.507918635704452
13.982312008171377
17.464459311618185
12.921531918652462
2.692347822867019
3.221058837689334
5.359524603710029
11.873761267408062
10.002399853466942
13.848918689017578
11.07871900134978
9.610790708871242
2.775879664239003
5.199070984170932
0
6.63488450924945
0
0
3.760639155104
5.770136787919495
9.042934703920594
8.596636342364029
8.362782446440445
0
3.7822895852130003
5.802948486790657
0
3.788271324245
12.049887015153143
10.219884994846717
13.648630514951051
11.185366752623882
9.884968687898104
9.205299561226429
8.857004213760423
5.260200155113735
0.8952706613529227
4.46620439127992
6.386298238104965
0.3101139091525722
4.198528123296812
6.2887840783111795
4.3456510561538675
6.398561715642703
7.510007962568947
2.058338543126098
4.438103767522124
11.69961294708627
10.406972519715234
9.735089374056049
9.394313662237307
9.230318879762827
9.160195873825444
14.492201281407647
7.762871878670645
6.5460742532814375
2.9455045700104296
9.040854216516902
14.745025422006025
13.690798215259566
12.232453124083555
10.909854967668984
7.544562102417866
7.0531496000180125
8.187962185221611
12.326291198467631
11.027385572448328
10.346619590610427
9.995112627052723
9.818786111988333
7.577428073897726
6.649772343527609
6.0356869124090995
3.5238076537660215
6.414733304819549
7.965401933535712
3.5455447384110688
6.449324421245146
10.62240388252869
15.823876607563916
17.960489921396643
8.267222769329589
7.745196243238122
8.730418924047862
9.25941804888394
9.54312272232347
9.695938277326803
11.364180139301748
10.672108509854413
10.304422083402315
10.109666098804475
10.950489869917163
6.10961257546531
7.879610495539289
7.312466927524588
13.462759710552657
11.808365929752899
10.928919696812146
10.46360222736796
10.273565106915523
10.279208660252124
10.296408156560533
16.800343072925408
17.31021371170138
14.077420547371856
12.144813269606587
11.644481751564097
11.098370434916601
6.0831847550189675
8.160744681401122
13.578449277776102
12.190829584224328
11.465861294361101
11.094470933229085
13.27035478714629
12.08858853200826
11.473577050714606
14.164516279239635
12.132149726024208
11.543671360101516
11.26058639420317
6.515411018847296
8.600653837532917
5.240469791017063
2.301286062742074
5.264195850807037
7.9856527177476355
7.294481498198893
13.133768077713365
6.844085596876249
9.695340341517248
10.420277607427604
9.307537101929192
9.500897375574327
10.35536710893346
14.989034458495345
13.309243325703116
12.425195939565182
11.965543188948981
11.731600462806176
14.233469168636656
16.998113639336957
13.70775376176711
12.69844995647493
12.167426701461022
11.8911498216486
11.786349709275687
8.252630904401117
9.820836045959435
10.662574935537954
11.116282277248052
11.36054022641356
16.3031099197338
20.109008997970605
15.947897612209083
18.374651615556246
19.807311949006305
12.838300180151403
13.249032000751884
12.530036592595206
15.280087612440138
13.615956071272057
12.72909429930477
12.163543575258007
11.956451791857672
11.847963750038254
8.570775775683037
10.154845322018469
15.687651436520563
13.965428415104373
9.223804571217261
10.54146192412553
5.227940475960709
8.598643813222644
15.571190308856181
11.433258160606368
16.980683675916126
8.470018137891143
7.942480453932454
6.25549884702094
9.075786236178374
10.59491588322378
6.294329788731636
11.627597025326466
12.001172845297202
12.122619982310567
6.267375497736246
6.385143488077744
9.284749742776285
13.078816082542662
10.397289834809357
12.871952877798947
15.56518937069332
14.254186997508956
11.759703558364436
17.070243857926258
11.738354209200676
12.28155819264748
12.588369055597695
12.76896790086493
16.037459881917936
10.311875627629114
9.699485656289399
11.290025173020023
11.119508813356358
10.652030104819218
11.837727627175536
12.481929279689865
14.92044385891625
13.211913476339737
15.040274217301166
14.956766327101512
14.52616466928037
11.188003999544142
12.2401484819103
12.770826936725335
13.06083420569264
13.221656976517593
11.69485084193775
12.502162429390983
17.75205534910902
15.745045762630573
14.675500459470673
14.106186097889552
13.804454516647864
13.6446942935973
13.64023164858952
15.833357218179259
14.828442933698451
14.298566936753494
14.038390597527663
9.954769507327072
13.533705475275008
11.264950872417488
12.889609552069125
11.42887370483159
9.393650037098665
12.312623864715611
13.06384120816525
9.617964773577441
11.649020914164922
12.744105482286402
8.799688287743425
11.246480796797892
12.894382271333356
10.278761373998007
12.071922404582336
16.586790801784154
15.463481898422025
14.877018776563993
14.577222042143546
12.033512924859542
17.216319812659982
15.417138206281152
14.920013490003623
13.538882430067655
13.9476198239891
15.388231004259953
14.96509988441811
14.754919735331503
12.358849821822787
13.387690724939638
12.71653868114836
13.609674782854764
