14.8411629356956
15.133263153386757
17.75969900773405
16.34792485528918
15.757386226927002
15.508619777547683
16.71074192380666
13.977206955482533
16.481109726599787
18.177220175232353
16.183333067747743
15.883767941347744
15.520815930963206
15.36078901161957
15.284865856993875
14.994745534468748
15.11332601558393
15.152797972234623
15.159305407502169
15.151614215695355
15.137673456867457
13.01580603896642
14.225193451348108
15.486276064322057
15.2314609073854
15.40341639729574
17.67866447939652
16.11047482087493
15.451385017318984
14.802332269543058
12.95314092929889
14.027456296768793
17.038427081420544
17.623787601538123
14.74393338013244
13.772709741093019
15.093517571083378
14.496002293444498
15.014574325363947
14.388984421009829
16.998325766739015
18.08208603858397
16.737586105901094
15.545085007706586
15.037609597891336
14.81568248674532
17.456920227715692
15.80282035639673
17.368472522152373
16.87301050295809
16.237091143582152
16.800055404684354
15.477705653616772
14.916738305159711
15.262206199304805
14.43862099200615
14.454638690300964
13.903556161227302
14.213030146453416
14.33270522638154
11.669912326135115
13.246083854344903
12.807296827878371
12.320820472481254
11.15594392839876
13.006396240070565
13.769098049233005
14.079026165484994
14.310591666009692
14.28954346635744
14.273554031662346
14.2599358529569
12.980510473925442
13.700728434941933
13.998305926217904
14.118754199912201
14.168801451509415
14.178141535835575
14.176823469902285
14.171498721835881
14.993246693377294
14.50255813950392
14.293873758423684
14.202898120621551
14.1610288936814
13.651598356833311
15.588307108306475
14.726186065866909
14.366079248625141
14.215161759784497
13.363346643380362
14.86331011249801
15.906755398705808
14.853847443873912
17.03931199595841
16.931779677465723
13.294790266251281
13.740783758204909
15.832286123456349
14.79721161476106
11.421715324022133
10.79179669068999
13.99920060077826
13.895988623214867
13.978930056464037
14.009569320069366
14.017398379676106
15.502033193466522
14.6271673543807
16.461097605986915
12.907499257442499
13.52370103874749
13.77220014139168
13.867381568786714
11.485506620379063
12.892722455291157
14.243289922210325
14.028070146589044
12.541915458903592
13.299182225111128
13.607123286589808
13.727830326907974
15.367607319368005
14.43274965057585
12.82491493474664
13.350267563250526
14.44582258667376
14.002101694249356
13.805286607808908
13.699648060438772
11.359599913143239
12.663312156787189
13.200876550768422
13.421073633740402
11.763316627091271
12.814458669288133
13.218753689372766
14.204802084035915
14.839640009232138
13.47191371047487
13.44815416349488
11.896727636353834
12.768912608701044
16.929169539274405
15.496138715066383
10.678701868233112
12.216595045079938
13.423444696717224
13.337824367454468
10.544902664464093
12.115539114310188
9.201925720698805
9.02995973300639
11.449856779716963
12.44714067224286
12.851989733306802
16.343260386426465
14.454621699315508
13.657444636647973
17.62331751562825
11.406188394376441
9.205839842890448
14.27714754518881
13.533943624809378
15.575257850388068
14.056740729796708
13.41636264564629
13.14190509798081
13.017690886900604
11.509305454591727
12.322259388378773
10.070096954265507
11.80288370317169
16.087776713992472
11.862157378923715
12.283316744836984
12.604775706129972
12.73287852066436
9.873152078538805
11.270537481147137
12.163075361860013
12.531671324543868
9.206798952547505
14.380169799936285
13.443266251788252
16.789451806405317
14.445088291091896
13.396605180001792
13.030537806603949
11.91546216480927
14.11023752048701
17.05102547940929
15.115375391337464
13.731013504518721
13.152895084066552
10.812664267716965
11.932444521095661
14.350905173211327
16.89461558497173
14.45537615337292
15.71221055097137
13.95048877570497
13.210289711951463
10.96493050898606
9.697467170350668
11.421290351031525
15.469170116131556
13.81587021028922
13.119494532516319
11.453746134953322
15.290717794313517
13.395692900745662
10.975691728534603
11.89290160987837
10.08681572790762
15.565114392057167
13.775259599287823
13.019188667989237
16.35112824308874
14.07169222739668
11.013551554796628
11.825791758340555
12.15291709635931
16.421458551527714
14.044818385982
14.106079646460271
13.055733498199997
12.60559419825594
12.40545556837165
12.643732695141098
9.164401382187553
10.041345855460886
10.151896432600502
15.13638303825771
16.96447624684289
14.138493459027833
12.949385437179298
16.09924811772544
13.742678345366592
16.892333551707846
12.600707089116506
12.249967230876448
12.507510187347174
12.360117200280346
12.11499915167802
13.064731289131004
16.042921626934117
13.615468594278648
12.592719826381114
12.155205075028611
15.781173020983903
13.461925590722394
12.473917904568824
12.304758457519736
11.976071576530874
10.952257211155345
13.757871882952433
10.783787809156017
11.308465153165713
7.880432163587177
13.33245855417677
12.343602745285061
13.472674611656617
10.449324498495997
11.116138251588882
11.385516996883888
11.489764813987119
12.832640559374585
15.249136382879858
10.008400996228948
13.248463079655403
12.232233212475208
11.80371507630762
13.089519751701792
12.152155464136138
14.36138129201051
12.67509537692398
16.11307336867301
13.399562064926846
15.51843234682101
13.146954710537916
12.15649288612075
11.741844749358517
12.631373915600467
11.938241722121116
11.64459352963787
13.558146192879594
12.318240930912928
8.405780427417422
10.339638217487618
10.970739400829093
11.230583682454284
12.723400267609579
9.61346070159476
14.064493412087984
12.500683977013864
11.846674551919678
11.57177879098413
11.137199832395506
10.706774875392247
14.006014980292637
12.446043143007543
13.338686497667176
10.542309229359903
13.422324716702597
9.994950289224876
10.728907801304008
11.030305881255781
9.783447229300256
10.622686337919017
10.962825045942056
11.094443144922856
8.560307445432626
10.082946764180576
10.685302633395647
10.930858365891968
10.7134092800856
10.92602421639167
12.391322346774087
10.883328805415546
8.62278300442091
10.830398709081587
10.918583619601899
10.943884784122512
10.942958829217453
10.931151890291714
14.977256668872219
12.588985072223055
11.581994570995748
11.150266671369529
8.859377243554556
9.991891538795585
10.49273268000544
10.648599478805869
15.903943779752119
14.557197371582415
17.005497267978047
12.097109167666028
11.298678946924955
15.989456277643928
16.535661292919364
13.065754058369901
13.795013323818104
15.723736444365958
12.698224494000897
9.956243581642921
10.277612148299806
10.40582369013453
11.10735961591945
10.718333498021636
10.545632580113617
10.463133338638146
10.418221136493315
10.388972702766765
5.110526750979624
13.979400912449595
11.834156652338148
10.931338686253708
7.943740145223536
9.082311626100338
7.916379367993714
9.273984292855781
9.832506650686206
6.826445034453487
8.799547393755969
9.615610344316114
9.949865835684125
10.083502007877577
10.133868857588187
10.1501943913702
7.676340269660592
6.5162790339727845
8.63287685380366
9.512780596724786
13.821092801394787
11.671440277738409
10.774351778653196
5.027802585568884
8.675097994257747
9.530423107858404
8.668735826903772
9.526827577210403
8.91676747919798
15.584054541209198
15.841793194272185
12.50762864089042
11.031687073038544
11.671785092068813
10.760571373920275
12.68355111270736
11.173588788980759
13.60181317977155
13.727299383995373
13.144594338382365
16.043094526185588
8.80965623991282
9.313368450002963
9.726325909574635
5.147831669654522
7.9744565538278405
4.652897786948861
7.7512078129579915
3.787087002789508
5.902684919720334
8.244789248694666
9.211103041977468
9.603533758938411
9.756748864992037
9.809877798311383
10.239834115631115
9.989516917859488
13.943621420374633
5.8869155186761795
8.142072083198766
9.069985724948127
9.444554662024286
5.349066183427949
9.546679982028934
9.605912550107458
6.385867348949523
1.8844831920660488
5.409226891397527
7.83139039781775
8.827927690901458
9.235572780929438
5.0328036009455115
7.622985211453596
3.9338150778638834
7.12645075264108
8.45052167650354
8.995961669421025
8.244698732197746
12.829039115812769
15.85998893316388
13.711954148042697
11.127262374844593
10.038351142645343
5.5913329159919725
7.719723856654656
8.583433134708397
8.93193410382779
9.065881794337042
9.110693703278248
9.118519045982447
9.111074907446886
9.09736516228872
9.081044538850911
7.216753791004877
14.109176800830916
11.139794220283044
10.186456139373295
5.248999681654881
9.855622715622985
9.334832889020099
12.424688377819173
10.39150372992565
9.53754520774882
9.090486973757239
3.233046859377298
2.2969119871937487
0.13908922987866035
3.0117827352098976
11.631943912302878
10.01816260942461
14.796654136226177
11.330986508523448
9.884405114537723
3.403764120473909
6.576918167182679
3.6583478519462513
11.379205380974858
6.41367625214434
2.8231128365204867
7.369309414374722
8.215529796568347
8.567400025753631
8.712957540634338
10.701530925852467
4.227015500417621
7.191440499498971
8.131478028813223
8.519786949082471
8.678190557962667
12.557627162708396
10.352182568464588
9.428259947951195
9.037797665847265
6.644660127938817
13.194229525530833
13.651150354814366
10.772204723480348
10.10988222013604
4.916689979491702
3.374063457231079
7.254422412979598
8.066187928306999
9.569220011590776
6.661416469115123
4.433423389163002
8.018162353717873
4.970405644918568
8.222159872808017
8.392886056456302
8.453138179656142
8.010079909248777
11.974086229108305
7.068391511065019
11.306747519130303
13.816605843109997
6.2905218914997505
7.507629046251547
8.002986450015822
8.197511200845195
8.266503144190594
8.282874824265022
6.933399353236997
5.351491144991901
7.030308784710925
7.717196486975044
8.563560757168393
8.33055934336647
7.138487423303538
7.7114427695365855
7.937723366121496
5.379636797216956
6.941520597440707
7.580168235526344
11.133387742453872
9.308874183160128
8.542582426602026
9.74612228194978
8.689254181751675
8.237260500937523
8.037339639208668
11.04695636146877
8.68737131089814
11.197935759444412
9.506725246853492
8.510239693945852
7.924767190091638
7.680324015548386
6.203749987024854
6.962390345046457
10.381769941001778
8.981540659109648
4.988583805668307
6.730416029450188
7.172956432260294
7.354629064788066
7.426922104644788
3.5471416206250996
5.83158638518448
9.688120979440566
8.380106003331685
7.829671162999913
11.77006208398957
9.230738019888856
8.166149134606087
7.7160823990979575
7.521044554881319
9.270948913066652
9.699871102355193
4.515199273904386
7.214448173003462
7.270897109000144
7.28567028332356
2.9878473980046936
5.483183435570557
6.513918491589452
6.934084348360925
5.432915992203352
2.4602715119145913
2.379504863157014
4.185115603122419
2.589961031758103
7.561379788118019
3.780258677066244
5.709906185052706
7.270088800116881
7.140757865825905
6.272428383333672
6.688440011316742
6.849557719175287
6.9044903628815435
6.91542427087234
6.913910806503706
6.907210522072895
3.570748542662766
5.489796296655175
6.277101889387813
6.592807379006302
8.45293356277497
7.474178654849531
7.053662807236201
7.633374126087143
7.094819062578514
10.643997261778923
8.324726023052477
7.346040726389169
10.89500362365995
10.031353913225583
12.976047697244708
9.907331922631123
7.94655990191039
4.477927427879387
5.6498785821101425
8.842242998071566
7.452192016003623
6.86759110549071
6.61369873142598
6.498178503415207
8.863394736850498
5.560312534265831
6.040380292900973
2.9979091756177887
4.945452583073534
3.9847014480819323
5.340116900526541
1.3100477703210878
4.211397869211198
5.414245694299506
8.52748366327951
7.201916987267772
6.901094987932693
6.754949210472494
4.816968895363054
4.122054109575727
3.7662923017236083
3.8409741108669335
3.6315956606135953
3.5352937752524145
4.918897838562476
4.074179911606689
7.562972586047259
0.4302901886518198
1.9057710971806117
2.7091025732105747
3.1539896978801627
3.407697519806856
0
1.1425484161512882
2.383867593837328
3.02903871752617
3.4236588186509644
3.326382038435085
0.384562381995464
2.0623062460117794
8.760781319442316
0
1.9091212557570003
2.9409576013919363
0
2.6405341322396794
0
1.9680220423310004
3.4235189398978596
3.8090334650034983
5.444821110335653
5.310569353318142
1.1794404014475983
2.6514542051254386
3.4459854654649344
3.8786891882870895
4.118099626435992
5.38292110739939
1.269906814989353
6.639310160198072
5.620683077703692
4.903359462043443
5.106683820802419
6.236852804365958
0
1.0502609655328232
5.82924390800796
10.272191922723371
7.59494942799419
6.1676045253597
5.406770614197937
1.043657745221414
2.6759558096941465
2.9435702162250843
4.697833644208028
4.6643091235364045
4.660953413647025
2.3149424987234832
3.4345170772578513
7.79269686841572
3.0104990149243083
1.4881561285590417
0
2.2715830729420006
0
2.286000885919
3.517457154368379
1.973771577275218
1.0180736939474873
2.8811730641483795
3.8897631420945755
0
5.254834682637002
4.44144951114657
0.9713607787970266
0
2.445122705645
3.7655911813771725
4.485944160027859
9.93866106131519
7.811396247962785
4.626502880262016
5.703133907447492
5.599699821448981
6.252275795264856
5.922565932788327
1.6412980852393266
3.501249953236705
4.509573028092106
2.691457830411667
3.844904848576477
9.045467681717252
9.38210262639223
7.737197967165894
0
0
2.7580849983210003
4.242783627060086
5.047786963098261
8.566239890878608
14.497622411134458
10.556545852845346
12.595690138697197
5.787016236370148
2.8669044503071337
0
2.879360143644001
4.333080637415175
6.6942677752217925
5.501745787221462
0.8314611447842264
0
9.51310607999286
2.9969261095370445
4.531335436885968
5.3540743687983525
1.3174831847964281
3.644136807083374
4.887123105686689
6.698611511016623
6.52276524782647
6.429850961169205
3.3197345734749097
4.767348074159212
5.572997424472357
6.01915951578145
0
2.109059173429113
4.213256978824775
0
3.1011259858710005
12.941560108681944
10.033553279845686
8.509770492598658
9.381569163277623
0.7236043940448544
3.585211692310334
5.126964758289795
9.216651682021732
8.161968122048796
7.614745156960238
2.323673936756837
2.3197645044690915
4.5289041204767075
5.723604875572372
7.520548488127623
7.352186623353901
3.3263861301310422
3.83088429790019
3.238583537560186
5.135229389798115
6.164586963743275
6.7313262533064115
7.050995806136301
7.24717809908233
6.58789266546637
0
10.48531629006471
9.153717537586529
2.213773811917555
12.048833722894765
10.017703323821646
12.199987966866528
1.4287189336744213
4.390697030927671
5.983643543622006
6.846074802795703
10.395948791948161
9.225367893553539
16.08097991548665
12.54475785179026
9.261677536210474
8.659892728654908
8.347307763534259
8.18840810317688
8.110708822566183
8.076082267519315
8.070036653052306
8.069631292824711
5.701157181835986
10.41695411448983
9.334104009646772
8.759931764686518
12.235802040063795
18.661743387815143
13.74470598005316
11.122446435201367
15.611957639751612
7.640856202062088
13.502519002248643
11.107401649445876
10.283849835281828
14.954581479723696
11.924821045470564
10.322601250761092
9.482098422492118
2.811159933514178
5.5031665154411655
7.219224328703989
15.881784883677705
8.394665422187899
5.469349341246485
10.0744895565665
9.471483058485884
11.539666804895745
17.404857856679
13.433679205414915
17.04443182071664
19.340444417235485
7.052697111040769
7.980832288044354
8.493469828484468
4.998860683809637
8.116756421726947
8.928526770715521
9.084441376151801
9.1839908646376
9.237110471693622
9.296648673687717
9.335863985604766
9.364235003376702
8.913439014730747
9.167258193737325
9.316050530830237
9.408529744767014
9.470468060753678
9.515848406370162
9.551813123142118
4.972654262717118
5.765750845688693
8.263790463095553
8.925785126454787
9.288441931484275
9.49074215541001
9.60676025621078
9.676143045510074
9.720611677913176
9.751508548758471
9.77487419171452
9.793631838684867
9.809339074649245
9.822708922638837
8.584340270893936
9.733341422657055
9.796008234568806
9.830877986660916
9.852021389690265
14.288185176968204
10.721248265238057
11.529137764663151
11.449847041965324
10.727583887600696
10.343759987694732
10.14004942427491
7.874552737332845
12.088135174906157
11.078204566025926
12.514532575373643
12.916378993735528
11.689414150259278
11.048893806028351
10.714321568742728
10.54300324215212
7.6633601688140525
4.722140564370705
4.199759326520848
7.125866548913525
8.702080369859257
9.558187381479899
16.130635064516337
8.685015777190372
9.372811263461749
9.97761943674119
10.316021523546098
11.322100154501278
5.293663528649236
10.479805060584512
10.646408512069897
7.04454779534008
8.859854060046466
6.782817698465449
6.198338078624873
6.281250281749985
6.727740165407588
8.751754724444488
3.9466623544659187
11.203989598421437
13.284334783586901
12.30823395167697
11.801066051688831
11.54389284637516
9.907098193431608
10.559316775174105
10.920139700559902
7.806282756620389
9.47652701758264
10.380058517552097
16.84565988959345
12.306772588825831
11.923926801152463
6.217044204448338
8.693468712484634
10.574698397273853
11.034192869471328
11.322181374286895
16.386133413990024
10.061893217101616
10.786258416016421
6.051991260507787
5.207815684110566
2.694940037341781
1.6143022135379859
6.2996591769138695
8.801576331159241
10.138410004081571
15.799562788404463
16.893515040550945
16.96133210338525
15.320863779310448
20.12422081437376
21.26893239586539
16.812722466107772
14.435878894103107
13.168969917993419
18.079256087893896
21.573527449188873
17.09311361500118
14.708873912895628
13.443152728498108
6.751498539584917
9.222239425646512
10.552991583453979
11.275329504366043
16.354287521515225
18.561014463485975
12.267648446949742
12.242203681250382
12.242249714167205
16.163006535476043
15.172376190688096
8.077140959122524
10.076578140923779
8.742419477829653
10.461642105952903
8.59136083682915
7.996116341663759
6.662417330262393
9.432703064966013
6.5769047994853755
7.025284172495141
9.670451890150407
10.349957303978584
7.613171223389437
7.728986549668502
6.834074801098488
9.647431352172154
10.814584952521999
11.805592134666739
12.351278135856171
12.658926287218854
12.854329036443982
10.95872459690786
10.928798879842908
11.959914655208177
14.412553405086518
12.81118666830704
8.65612808909134
10.794898189099138
12.958806273428367
13.113360654289377
15.876849216381462
14.686478314339148
16.923570863406326
17.833416116921114
15.755394546767105
14.653399482410926
17.22710414426488
13.442500657347093
13.434708370893409
9.384969815905883
7.422200978792843
7.155576126095543
10.093554473600582
11.66331428192727
12.50218186435039
14.627614179231347
11.002443628646375
12.250667442323707
12.923065934555929
12.271267070863917
12.967414535144986
13.349397302580364
13.563558999910882
8.855780139341391
11.186306307017567
12.440484628669573
13.120701226491084
14.117916468045099
14.038587275569864
14.00786508122808
14.002784729831303
14.011386865829984
14.027443158064878
14.378303787305423
16.72060539777952
18.470116315112257
11.915488611455299
12.970875049662547
13.546963762065936
13.867504686407383
10.193594768961443
10.681930180139092
12.37905890030822
9.830383222316538
9.361842744352547
11.718751447691519
10.59458150063694
12.407208509284871
10.700831334141695
12.495129021066008
13.460409305655821
17.23639443877551
16.02146981512461
