13.139347060819315
14.42411647832581
12.375571783490658
14.104359040946958
14.822492352090599
15.119049499903355
15.240939637388529
15.460056850568478
15.372481624591085
12.866093784132563
14.27910536918364
14.860399254519624
13.648001997729283
16.24705291299383
12.950605918562056
15.57858025251695
15.356609942594615
12.430875906609138
14.025080482756028
14.678982689553639
14.940727899924202
15.038643072140815
16.19597943698107
15.538829906255213
16.560828445042688
15.667620659462889
15.283966324954186
16.18060770788982
12.836909471141798
11.378099057861913
11.88546006562045
15.737736374648552
15.356453352345746
14.348663153290815
15.953435017889623
15.304021973411807
15.0228088859487
17.1006501656289
15.750321716990364
15.184087585522285
15.8329906069368
14.663047766523455
14.723798737467925
14.705939811280485
12.463301175911566
13.742968167306351
14.265663356565359
12.487851743312099
13.721797774345353
14.22557134163771
17.109487381019967
15.616649821348222
14.436197134680693
13.994224478897317
14.937660873839448
14.6721678094301
14.551957649121523
14.961834132316927
14.654014577006464
11.81289733245852
13.323474482871866
15.721521044286305
17.011719359650613
14.491866643038025
14.215801561444328
14.281438915760653
14.300408332193065
12.43498365739453
11.230871715361104
13.006224162922173
13.73879487792087
11.872331280901996
11.985595648750163
13.156827316498758
13.771662330162632
14.314055004210612
14.250183296660563
12.107149103957408
13.313840923538653
16.077221221500814
14.530171354285844
14.309594645704513
14.21346587055747
14.1693921537477
12.760556941790604
13.556538920902145
14.471104494466678
14.260647736679866
14.172089426852901
12.089288140237537
13.265343262227782
15.301401591077187
14.602241208291465
16.455851335586548
16.689141856685968
17.20492708199817
12.630350372523584
16.268034654666874
16.107131154815683
14.782419428535862
14.358582269909295
14.709567514259374
14.324267351235882
14.160764048923193
12.523153403047685
13.40294718859077
13.216235525129065
13.681121722438483
10.745764136701569
10.653083869507258
12.592204180204076
13.39231758006224
13.717452654157537
13.844568290856246
11.895063629032713
13.063384860797132
13.545732268304565
13.737397872206515
11.522799533095657
13.283992181477966
13.600793595407868
13.725192744592459
11.415339966897097
12.23745643244131
11.97000243668816
12.994025525309556
13.408971479307294
12.00393726450074
12.972651489932659
15.49828396167803
11.450563447869634
12.701216661707678
13.21667135796879
13.427655329900796
13.511766351004862
13.543037669242928
13.522352558653928
14.451044104741738
18.18435064685732
15.108812252243062
12.68118802885873
13.107247144731833
11.986379410231052
12.78373463261768
11.418212338454653
12.535857736028055
12.99047189519009
13.168667444900912
13.23165868662261
11.473293901540579
12.50239974279996
13.821020227536463
13.457481186965644
13.294804969581785
13.21593058295953
13.172344489102437
13.143714128451787
14.347042826394086
13.612616520301616
14.524641131329508
13.519176612016077
10.329479652250665
11.898645407174053
16.200070027373055
12.633605737840018
10.89557729936742
12.099105844186404
9.766049257092766
11.945065874189988
12.926551024663528
10.004818146018057
11.688216501223724
12.386217621271527
10.49506909998995
12.935882783145784
10.623372088838227
14.354536916100816
13.462004016859211
10.906451530012538
12.015439563908226
12.47347605974656
16.399316078517543
11.628971918427606
12.299608809173584
12.576296486937434
12.689884722227628
12.736798687115053
12.03634058450523
11.176758872049428
12.105739001631797
11.433739528933447
12.19742798316457
9.364464488915662
11.263440349217355
15.214537815897412
15.40016761980751
13.84405716791179
13.192329253153645
14.628681125905311
9.954733475350894
11.557437678293919
12.219194919660277
12.488859562137637
12.599687560689155
13.782877100772271
13.123680669038206
12.845518076930222
12.327215664532115
14.13010693452559
15.279074989847507
13.713799322813058
13.052917175003403
12.76823407874832
12.639854007212426
12.576605406077018
14.008928480872699
13.126796930097255
12.748974273737527
12.58128166152963
15.104362384366377
16.063859971531723
12.238035899533335
11.443005250832872
13.53195701541919
14.066435148662203
11.845616240151166
12.113798396790992
12.213089841498807
12.241899002910953
12.241484558126196
12.563096329850218
12.339276019313388
12.23429553010909
12.184765419335259
10.62822718457252
10.859642114688082
9.080343309032921
8.651235405252121
13.566866834344046
12.675509413450765
12.292618227695735
12.121586602322415
12.03886732355135
12.32693879831648
10.00369163706931
11.121382474396782
15.152075636144438
14.79413528145292
12.850596573284577
12.262662315463285
12.00659713021875
11.889059817040554
11.8185047366756
13.733751123947089
13.391942174958144
12.42394446868146
11.696390153395981
11.698040288200506
11.689434161183552
9.092864965197258
10.585693757582899
11.199025854544395
11.445847209748651
11.540122515251463
10.60792726631949
8.752053246052055
10.392400469015492
11.068644244358357
13.136185943683842
14.396349628061202
12.716513666104305
12.010569891848466
8.56018288012304
8.414785758264681
10.204193809070894
7.389672653910392
9.76998438742766
7.85094266632627
9.956732201258959
10.831819597605808
11.19404317793994
11.109440988845119
11.305538223763762
11.38599801298836
8.10602341364338
10.047708160495198
10.85652660988195
11.19247605067781
11.330996911372644
10.82910306914242
10.617215584111884
11.083270308028222
10.554648752548145
12.519211310695217
11.861229066495499
11.582583724205476
11.464102176574423
11.412360882177763
15.204449913982156
12.959081804791165
13.56665810304441
11.05705899433703
8.545164739039986
13.164843474865775
15.163555054324307
14.773147955408179
12.71998276880259
11.859986820212441
11.497184493864525
9.644581280002212
14.374601991162402
10.175490904416023
10.761177359463357
11.000049257357182
8.078399231202773
9.844561718198197
10.575075668323588
10.86838060037044
10.979525119821563
12.483451472572451
10.829552373933799
9.723646013109438
10.457399771190303
10.7517094744894
10.862879377693336
10.897782782841613
10.900840819873702
10.57601638661339
10.7431905197022
10.800737023195508
10.812810847599168
10.805887321600974
10.790952621721527
5.652531412667087
6.6466046614858625
9.02217963517316
7.523577822110086
9.363876945016074
10.118768978767799
10.421392847245343
10.564767698348055
4.827918525949089
8.181280447061786
7.971414395506378
9.467831896241108
13.016133976133922
11.552668475684207
15.132335610427607
12.406497176415584
11.259684119480376
15.973493901885185
12.724923151420358
16.562989469289377
12.949497667042884
5.673955219024625
10.185843278533085
10.672010000690701
15.271695980895284
8.115854605051894
15.070653565194895
12.259032920168714
15.656420690145744
17.56846284410443
17.98080896221037
13.447570842452263
11.55244171538786
6.5178061501533495
8.653362736916902
9.201245210931152
9.761570117808212
9.991139856732683
13.775134579016449
11.657641959423355
10.773200216236514
4.023692823183738
2.2167562486815617
8.512069469572914
4.462766260801775
7.7692474010373
14.7328923968998
12.054488390090548
10.937670670290332
7.868153371235598
9.189503097758275
7.008790621817674
12.89622684647841
11.278529415470356
5.35448016790721
8.128150412022135
9.279708916345626
13.195090267575534
11.381947037509926
5.3750324651243
8.112605758603296
6.896672901027639
14.313874613233374
10.22223496360128
10.105050585791055
3.7950193885273302
1.9127466470036225
4.518809120477284
2.8267678920718398
4.001013168316109
7.461482705622924
13.844849661605558
9.697336749883139
10.85420401513934
10.277903160750963
10.027042793354127
9.911697954659864
9.852782579582767
8.095907949072856
3.8278300286113724
7.28405115948876
8.712448406038167
9.295568861234505
9.526121118095219
5.496522500762921
7.91821192766391
8.914655248295952
12.63141808767422
10.853587130556248
5.483261278192172
7.849462286753479
10.379445201706467
9.874478127681886
9.640510986744642
10.942911054396173
10.843426573894295
8.403845177349886
4.86325982550954
7.488714341998627
8.570595614029228
9.00910057930318
7.96182083471801
7.7650693550234
8.637325311285851
8.994891627636415
9.137986771796895
9.174423291448168
3.80609224400495
6.719144450043354
8.132808251911067
9.129662992803304
9.115718590087138
9.099300184844912
3.457972262329344
4.873619573378341
7.3010843988251555
6.203779507928518
7.836875565471814
5.151128454505635
6.919471638998961
8.111338735390868
14.432569786846159
11.269160014046115
9.903264581341816
9.327795706896737
3.4578189796187395
6.796569519675864
11.455514359330042
5.7131679483768565
5.7080191466655394
1.9257845591627998
5.97050854258794
8.827073880913245
8.84102472261255
8.844637253863851
14.29818166196041
11.114935668076505
9.8285993916944
9.251362627414258
10.299855306206187
13.75789285119033
10.877652514689412
9.676706562394678
9.175205574452663
10.642378539260132
9.574474159060898
9.126983279292277
14.769727078673878
11.285945328159407
9.830848754524027
9.220400597970164
8.961560258938167
8.848787631571536
8.79633155161186
8.769009377717865
8.751279768961835
2.610126497870408
6.171410082291801
7.815074379726128
8.325466441391479
8.53009564219223
7.640543028461908
2.729091359499961
4.198112592813522
6.774129758433796
12.411181998781604
12.223693364341447
10.080788736906282
9.177714265980448
8.580266530785744
12.474644429696788
10.148411747230654
9.173475441892215
2.8801232886189254
11.07212300454359
10.697584100468564
9.355848420339651
3.538728723825046
8.404286924915048
8.364733108735702
8.336184513208568
8.311911050734812
10.218523598504532
4.32857656629281
10.682090922551957
14.095832217953244
7.034910607734421
7.693570826097334
3.3679706870604367
6.140268445544085
7.283015025313821
11.143352734602875
9.343261028549419
8.580973473169344
10.187335210108634
9.682327982458485
8.698200624769651
8.264387024244714
7.184310612763426
7.61015051574012
7.776022908376909
5.972530549843688
7.070908826619066
7.517322972573366
7.692157178634522
7.061331560655185
5.751958646411332
6.774914695396803
7.200787580017048
3.082631235766069
9.836072093277629
8.47329164603319
7.9036599091672315
9.210852882729903
11.603041074371356
9.200645335155745
6.432381692130191
7.038487569333052
5.522654849634275
2.451858532463329
4.964068124170535
6.406208178753463
10.884814756695988
8.86185545860562
7.027567850297455
7.241635577926551
5.267476870364297
6.493215596288804
6.995808268372346
5.433048403290348
6.5371517139338895
6.988667674505853
3.8464749428831797
7.3965407348049395
7.3202859490152195
8.728657035903996
7.856965899776796
7.483892693135791
7.318047875715285
7.23851343944256
7.194732397882515
7.165658685221245
7.1425841680796935
4.774107749228625
7.086443850788111
6.383240536638384
6.771208194434415
6.908578088448023
6.953523593437892
10.453868087113939
13.068617739502699
9.484016148710376
11.672819949106309
8.8902479617954
7.220619827456647
7.010697661028786
6.910861487922297
6.856895003715621
6.518346763684729
3.541172868420743
5.414779296031325
6.182777477441455
6.490355439087855
6.60617692884351
2.639031917796144
4.976811992728854
5.915845219649831
6.312593811473686
6.472138814785486
11.091690448084869
4.144857425186731
5.533804303479712
9.291622213683478
7.644815001434306
6.953223769804877
6.6596710372996935
6.527058439010783
4.2114829315921725
1.6792689212326355
4.42782613319404
5.568473209574357
6.025492395162836
4.832724853958596
9.974260706360216
7.835966243451103
6.937383167556076
10.926429473782049
11.024705365757411
8.247783074381513
7.085365751873978
5.821630780445814
5.016350002750924
4.213678424298894
3.621036886365642
0
1.5744080515399999
2.422156011356744
7.506548415310817
0.20770131318403262
1.7393868735149995
0.21349221123703455
0.2870480571244407
1.8293370957976025
2.668317390072601
2.226502104678385
2.912790140074387
3.295308577722693
3.5160004160518294
4.343187983088936
4.108308866755256
0
1.8239437589790004
0
1.857103758979
0
2.878798672574324
3.4452482274426597
3.760634953483404
3.4721149337238533
7.109098150739515
1.9409294295698212
4.713820856334888
8.667117783521691
0.6149308470780692
2.3209783596768574
0.15589554174689457
2.0957992032631436
0
2.03116950161
3.1237433899740967
3.715260548456178
4.039145858307217
1.2794915337028758
2.7544361208308548
0
2.083264399631
4.328504287128247
0.44460458714202655
0
2.1013102233380003
3.2267185383291572
3.830898833583439
4.157875435629123
4.3335818430337
4.428136110908783
4.479000398587926
7.381770626522519
6.069668345312415
4.040725392675885
0
2.172078065328
9.561032274083917
7.301030581390179
0
5.101275413948001
4.962765417815653
4.911424699888434
4.892319292802469
4.884896265664398
4.892581533277523
0
7.6537376326469655
6.407874583831421
3.543524454578697
4.243193844028193
0
2.3821187056450004
3.6689682469771725
5.354877840988344
5.286734521596381
5.266124246368829
4.365152984028053
4.80587033792237
8.656127286581485
0.5536507115784888
0
2.541585568435001
3.9126976277519168
4.659245022603423
5.072524712496186
3.120664770434609
4.2906400164569085
5.195552284961991
0
1.7058525210531137
0
10.002841897849557
8.068424442415523
7.043140784114923
6.502970919964723
0
2.7710694719560003
5.405854045589928
5.680982050097786
5.840106423305179
5.936895321739643
11.360702866426664
1.7892974891120286
3.8076905464091793
12.367312068677421
9.478557863490273
7.94109703619741
1.5906010334550196
3.743726745806599
4.900299684267402
7.377430941798989
6.8589286484599405
6.587574532053225
6.447305435140601
0
2.9402987796759996
0
7.7761602144646185
1.5627426347114017
0
2.862618929456737
0
0
3.029140492101001
4.575072961195831
5.501597623881095
6.010009197523951
6.294803911681781
6.453401862150399
0
10.935354068013332
0.617394697788205
3.4853082732127874
4.59184483536623
6.778215250563626
11.82522316169029
7.328479095231583
7.139334688911573
7.053511774525215
7.023272849921655
7.014981813703195
7.986053319078306
7.5524358319521845
7.336961396815686
12.071610281245468
9.780633196161581
9.542438225891102
13.29806095183511
10.485624783219215
10.497069568744827
9.02566488322924
8.257997431144123
7.865627546630504
0.5662768081807998
6.010248060808028
6.733980854518164
0
3.558752765208
5.46527636048599
14.838171126634426
11.50609376245713
1.7479462374712647
4.548601720233667
11.591905424089
9.82620834221289
1.2537107697827876
11.629205919226653
9.883433896669342
2.725760565043144
5.153652087258021
12.698133007020893
10.493585367879348
9.32576615582442
13.368339403036604
10.87472016417133
7.707048150888314
4.97487383608295
6.418052413689862
9.388662481831663
4.301367006587003
2.8211353019269225
5.284611662247206
6.6021583681881095
7.307630469386176
2.679233826797317
0
0.8908898567319463
4.265444111113167
0.806597457674993
4.3328579132613765
14.400748019026448
3.6207175881676523
4.911773740944373
10.00820685967214
13.269273047925047
11.068972064754805
12.810134897365614
10.591054835387103
9.684438201535558
9.216065696059374
8.981617347023281
8.872313328450623
8.830001823163252
8.823940410944912
3.655163741592136
6.096842425604564
4.87053317172539
6.780845337968668
13.002922768226547
11.155872698718685
10.187671391620292
9.679745886753587
9.417423550786715
7.816052388803615
12.526680258589044
11.572640475402165
10.511693903997594
5.754288522461642
4.900656645758243
6.997608366834599
8.131027733791942
2.4627023926926785
5.7384995553928135
2.889961310289089
5.511739251796197
4.729430296331148
6.9977804196253
8.21940964610506
8.88189539157366
13.152476553455127
11.534388024270655
10.680392437758822
10.233486945558107
10.003088876233807
4.632854491034772
3.065107943395708
4.300310065002732
6.866114680782458
2.857711803104917
6.108332143663784
11.367561019182375
13.924949254555067
15.679965282586977
18.682455846404032
14.57268643233619
12.382250376302592
5.83154482777146
1.821545524388192
5.583203166914539
7.5961889430835985
8.671271926037408
3.0884872378958725
9.014126553337531
9.431654893271906
9.65736839925189
12.010492265184046
15.334657471330672
17.25999963561251
14.559041067860885
9.13186758511918
9.691396377265594
8.61349448667076
3.9240087539219006
8.533463098599892
9.423667266072902
9.820032496419483
16.111089348479084
8.514937975205878
13.896483273777335
12.360532524490585
11.556414783287176
8.597786311767747
9.579742568060269
9.251747796302855
9.959838834142204
10.35322198966728
8.679042094411242
12.446583796228133
12.552324322070412
11.814269611141771
9.915412454645075
10.422575768665613
10.708336681815972
10.875801025600001
8.564037730291885
9.76100234076375
10.414048386680536
10.776649130287733
10.11628233539443
10.644892255360467
14.975959018427782
17.945098396152574
16.316318897599164
16.363287970949166
14.042544999948474
13.626429564892586
10.061517488271393
10.715612348924616
11.239645276956185
11.364753998110821
11.440286658382934
11.488529510109133
11.521813151280234
6.9370631972876176
9.107123961128673
6.306850227481814
8.782567476755295
10.108554827010625
15.88880399537942
13.907157815208459
12.851911125927234
12.296047292564772
6.746479523550974
9.0418103475418
7.214157037199959
9.308778954498898
16.527137651824276
14.279233768007433
13.080859193603766
12.442447786980969
12.102910278807045
18.023161594417104
10.21548382404242
14.954838455037471
11.906078025821802
11.934562602692514
7.217647404316194
9.445834263520121
10.647517639354337
10.562661616109384
11.268240864284968
11.656986520617458
11.876902220626476
17.46224621120188
15.000568397245322
20.059001159039795
18.384564790108843
13.891978319636888
13.150611682766243
12.769242741523067
13.39022750396279
12.926550286672544
12.084837158804394
12.260574589037024
14.857394068068421
10.968777397206992
6.862916653849105
9.557181095643882
11.012514572568575
11.798038031629591
10.900752079120966
11.765243258725947
12.244072957842164
12.51700766186958
13.887214696266977
10.8364067834525
11.817236263651253
12.357491443082308
12.66224170795472
12.85609814494864
12.966966768348595
13.03355309441481
9.614500354083813
11.271770576143123
13.37579151226134
17.140193893138125
11.756070353793424
12.45914576757217
9.183402261694278
11.149640063313612
8.403285765266759
10.707447578106342
11.945323585745545
12.613508372131822
13.404945802611694
13.4052749246336
13.25404235392973
11.326848845047255
9.039529559515591
13.66721114744302
17.30690743484792
18.1788882044155
15.977648360690111
14.804310528778242
14.25900287168207
14.702320567944163
16.21160573332159
15.0366226066324
15.347344877586963
18.348949178853726
14.505928608296157
14.180684104640829
13.276474424881673
16.70084311387227
13.473157491989747
13.67173546635873
12.658492768585738
17.194806712229976
12.710583614235748
13.310555339044194
13.642013262905982
16.498928748009284
15.366445913438753
14.774123088469919
14.470647415424548
14.32143933817854
11.468078595698206
12.745071574230561
13.439615014978427
13.823440783607488
14.041628998745956
14.171794189916842
14.255497922871626
14.3148673136623
14.361685357875203
14.342791794914602
14.40725352231143
14.593067104522078
14.57202602814098
15.9708403148687
14.094907302334509
14.345172279119694
