14.58
14.84696188
15.03080308
12.78046958
12.42188383
17.06616174
12.8225787
11.41595527
11.32965273
12.30531255
15.10338683
13.5002787
14.64083156
17.36016477
12.74293799
14.80650026
15.94749807
16.12232105
15.53117613
16.29185918
17.32482566
14.18315283
14.82484245
12.17378994
14.7637618
13.43320205
17.80903789
12.71706111
16.91212276
14.65758845
16.02143601
15.56135695
15.94008013
15.21504029
18.09977697
13.62273319
16.83362624
14.45486596
11.92680882
10.57912487
12.99356805
16.17629134
15.24956522
12.27668466
16.18707756
12.21028832
13.1588307
12.59889809
16.57017145
12.61880147
14.74084218
17.06837318
16.79281781
13.7611469
15.97628183
12.81998196
15.78285421
11.99370209
14.8385158
11.29094993
14.01859286
17.09955227
13.65127242
11.77403592
15.05715249
15.25395343
17.87111865
17.57302284
16.13297389
14.07205719
15.74959449
14.55218209
14.70030043
12.05971314
11.17486079
16.39837841
17.04875069
12.65720177
14.89169715
17.27148725
14.77029038
17.28442548
15.13025806
16.91748471
16.27748355
16.08000124
17.08160466
13.57217194
13.12634633
11.48625842
12.69124096
14.79121677
13.41277425
14.94523707
16.96428
12.35468224
14.43064464
17.08886751
16.74262426
13.61829601
13.47799965
12.47318501
9.871953879
11.40128465
12.47122195
11.82305385
11.9840593
9.865278715
12.60956507
12.14733837
13.11005792
12.77657942
16.40832037
15.2244136
12.46092812
15.81059099
14.73103609
11.6556445
10.87287421
15.11510313
10.98874978
10.86048288
16.09481072
12.59614125
12.43498386
10.61211381
8.896015985
15.14565108
14.17700152
13.3863767
11.44660105
14.33890509
14.303002
12.39474837
10.72370225
12.56713952
14.75503536
14.5656828
15.10806798
15.39453907
12.42071855
15.82877355
12.43545923
13.00573565
17.17975007
13.25144022
11.03003158
10.52315836
15.60438399
12.62170182
17.38778179
17.14031617
17.0973226
15.5631129
12.9775858
15.11470204
15.85142703
18.15481362
14.01576591
16.44036878
12.49774453
11.98666596
10.18722809
10.50278218
12.48833631
13.73702151
16.75824459
17.22118803
13.24729276
17.31753947
14.92076327
14.34493354
13.88649934
14.05035712
10.80849417
15.32824204
15.84360024
13.4006496
11.01581119
15.1777604
11.53259161
16.67578922
17.16742051
13.63894661
12.16586482
13.05542889
14.28575186
14.86968085
12.17413311
10.69275125
11.13522783
15.04644551
13.16431139
14.8880093
15.39000443
12.65880111
13.59665907
11.61900314
10.64751021
14.61059973
17.54601934
16.25461113
17.50218313
13.29017582
16.97446624
15.92191844
16.12489123
18.13759139
13.1634338
16.81687538
16.10958994
16.6662922
15.31220009
14.45151066
14.94316862
12.98774191
10.58598826
10.93670054
9.710826969
12.84465292
11.05781937
10.23065952
10.87805004
15.79514016
11.23852135
15.77826758
16.6542699
17.15018332
11.89721901
15.50129369
14.33895069
14.47590545
15.3813198
11.73920849
16.23617507
18.17017917
17.53112457
16.39288639
17.77017629
17.04207754
13.3586484
14.6074772
12.6079058
12.62319075
14.48131269
13.95380815
17.01964887
16.20748997
17.00458076
13.24010877
9.868588903
11.1046929
14.53673805
13.01783514
10.44461703
15.45929124
13.66877309
13.62987655
11.95592654
14.97613197
13.14379223
10.43639188
13.59976339
13.69094699
16.7304195
14.54824567
16.99949935
14.21505008
14.83927256
13.08593606
15.35888665
13.79156107
12.56002811
15.33928301
11.47605318
10.72256548
13.05713334
12.95196278
12.97725661
14.8488645
13.11783021
11.4625096
11.55920302
12.52997277
14.94106687
13.86247175
16.13626251
15.64923279
16.94992301
17.84814724
14.77944947
16.43612542
16.47817973
16.27710938
14.17873121
16.16673912
14.69927899
12.0069403
13.53119034
14.51852533
14.70827183
10.91007997
11.04029457
10.08385911
8.817891488
12.22482174
15.77824908
13.02589254
13.23630501
16.61167596
11.91653004
14.60860268
12.57165283
11.8610155
11.38942167
13.26594059
11.89229039
11.38046177
14.38133166
13.61377054
11.77770894
12.07623301
11.11423394
10.70192345
12.88380936
16.00340147
14.63999801
12.12496056
10.92180342
14.20892465
14.58713474
10.16118506
10.69948723
12.65349619
17.37435593
9.968800523
6.979988505
9.532240325
6.338750424
12.94195127
8.921259252
15.73008494
15.62258281
13.60685998
7.421708979
6.138931266
3.965982505
11.32722226
8.494595912
14.16067703
10.63337413
6.758367169
5.241964505
9.715378644
11.45056657
15.10297429
11.28220919
13.5997118
7.916948042
6.084855842
11.95725815
10.91730552
14.61297076
7.982646596
8.696586104
5.06944578
4.205303486
4.601499824
11.9452107
10.97331508
6.537050903
6.862089033
13.85229557
7.184451779
12.24121301
10.42835389
8.365437162
8.484822333
14.84710036
12.06178353
10.46553435
6.207682939
10.74507698
6.973531602
13.88922545
15.2454483
12.10808953
11.99434182
8.133280219
6.520145963
7.149767358
9.257738029
6.865548411
9.781665821
15.12719117
8.095723762
5.594191259
10.63952438
8.380120558
5.471175758
7.18939615
6.264161143
8.155448572
14.59449813
9.649204787
6.272689931
4.093531427
3.284012808
9.902210802
15.15269516
9.492700576
7.014434632
11.4129241
14.32275701
11.16957416
9.408160172
8.008659908
14.27046285
13.60190247
12.98409618
7.598371612
11.65468629
15.40034551
8.13173571
5.857226529
13.3919318
7.909143376
6.904816269
7.888563972
6.768326234
9.016410386
6.675326643
5.578803919
4.674177927
12.99289938
11.98444182
6.218819733
12.62703003
11.91715592
13.4485677
15.27262284
15.25950143
10.67143451
10.5991468
10.77601456
12.90721014
15.19968911
16.90671914
12.49245903
15.1060376
14.44481613
16.12022029
13.76275698
11.03127028
15.11061158
17.34798013
14.79044103
8.929124099
8.221973138
7.377099386
12.7886208
12.1000103
7.019637266
6.967226434
9.990019465
13.20605899
12.69333741
12.91287556
12.675802
9.527597075
7.126415277
11.02373213
12.09270597
10.68761675
15.32667317
8.442370416
10.47075229
13.49159298
12.3539414
6.97924922
7.131764933
8.606931054
4.211242912
2.375450249
6.28645149
9.761659404
8.265432229
8.398423163
8.882886038
13.54116489
6.114265683
11.28470678
6.791866713
12.53097431
5.444018532
3.461617056
4.041395054
7.974482634
11.45458101
6.572845936
13.45448532
11.5226482
12.66656916
14.00313158
13.90139697
7.213711318
8.116321363
10.33112696
4.820455717
10.24060866
14.12010238
14.85409625
11.22955069
9.489441037
5.268839978
6.436469734
11.59096648
6.82917319
8.6406215
6.209007169
10.02281397
7.473551609
8.858302232
8.232744425
10.10194738
8.56775034
8.15428379
11.85766823
10.06253378
8.753098001
11.99209156
12.13986489
12.58654979
6.334495422
10.85847278
6.702460484
10.67191485
11.83875452
12.2347343
8.817843416
4.775298514
2.852354453
4.034193253
7.381795724
7.267719404
8.408536172
7.691778182
8.501453357
9.708860946
6.320873659
6.174419696
4.442611791
8.873062939
6.905505243
3.541330163
6.41825003
10.62612584
7.771322965
9.590228245
11.37210274
7.82270622
8.319022528
6.851263802
6.231178695
7.074997937
8.369959114
8.424769845
10.58082793
11.15282226
5.907308782
7.837390588
10.21808846
9.057494067
7.531803648
4.822354907
8.204799395
11.19017673
5.996494072
6.438960805
10.18189204
10.52716176
11.37280721
9.57074905
7.855535512
8.239622101
9.425033054
8.008742583
5.581654016
7.96970602
8.714422985
10.91656339
10.63134527
6.294865944
4.157822732
6.904264592
3.275806056
2.306867434
6.571950337
9.527078905
11.68668563
7.979041433
5.476195167
3.707412449
7.957109666
7.336199032
5.547272486
4.235510298
2.810782433
1.180299969
0.728611451
4.656396351
9.060537053
5.813248192
5.486857905
5.332562621
2.32376871
0.823464508
7.648317372
3.18531502
8.618309636
4.687503559
7.566400093
5.983830988
8.528233249
4.362647027
0
0
0
0.274205703
0.164467971
0
1.763130596
0
0
6.293148127
0
3.556353402
5.338404166
1.031668116
3.496467853
9.442975085
11.97336704
8.329907523
1.260231992
2.778387519
4.923543906
0.019731804
0
0
6.146571018
10.23060371
13.60942363
13.5789748
14.23401592
8.526788306
9.703738377
7.573991385
10.27178282
1.437277699
0.160853776
2.126222631
7.930567099
10.50911171
4.11446012
0
0
0
8.161280975
7.774898775
4.672840005
9.482578211
2.955897187
0.532490577
0
1.863710351
7.873028863
4.620238784
2.094254169
1.537892067
4.80384953
2.470945281
6.776653044
0
2.058515455
0
7.227806681
10.83697759
12.77601588
13.95470099
6.431586278
2.029995687
0
8.369334685
10.86912497
14.32545055
11.4365243
4.107732186
9.70464687
5.981572785
2.691497278
7.939653556
1.130853982
3.446628219
3.247738895
5.794339746
7.96005012
11.37285479
10.04530573
8.828066973
10.69859871
7.49247293
10.14761859
3.404697004
9.426079047
3.567820916
6.675401542
0.695981601
0.071134108
5.812277546
5.230637384
10.52198747
4.105545796
8.819485161
4.811626677
2.36716174
5.220693002
12.81418434
15.92181902
15.9976524
7.918730599
6.488279074
12.9093591
4.870046321
9.521459849
16.31199019
9.576571586
2.004515733
5.464850689
4.933584248
9.757763103
3.568720253
10.79302452
6.042776061
13.39672831
14.77077724
11.36032407
1.892816459
2.900138022
5.192270766
5.472215923
14.10448472
9.337610488
2.984000517
0
3.450954275
11.20472806
15.18934518
12.85818264
10.83052924
13.58826245
3.13061391
7.289872005
6.494537991
10.38916873
15.83013239
8.226140976
0.516910278
11.40505876
2.077153383
11.29672502
14.15959355
17.45683273
15.40604361
10.50163183
9.017253397
15.09742192
13.7354981
15.09868211
6.118272685
11.70662431
5.777854754
1.364445442
0
5.01950649
4.366109862
0.04741215
7.316211873
0.520736391
0.416634675
1.331705151
9.645362959
2.774573383
0
2.913803745
4.80082378
6.616406756
14.13259873
10.18208595
11.59113832
14.7434763
7.346691736
10.10364176
16.68353785
10.79514854
14.8397979
5.362594871
8.917495247
10.50058003
13.74102591
19.14060982
11.50261145
13.48767103
17.09982876
19.50703193
7.878707283
10.92159005
17.90525224
16.38414666
18.45618931
14.47435658
13.3205951
14.15426091
13.65697826
17.39185936
9.036611508
3.795953328
10.26144309
14.52396686
14.74135997
18.69943203
9.986364202
8.701576513
16.32337082
11.32005855
14.24788528
15.34975923
13.08575519
16.3595115
7.760948464
10.0368686
12.70047135
8.670746344
8.293102956
6.000666827
13.55775237
11.76785382
10.82020969
12.89755581
6.99625006
13.10987024
12.28796531
14.90632801
11.39909325
6.496115297
6.467199334
11.0287787
15.93195409
18.20733531
16.15343718
14.59860935
11.43631859
15.96175709
10.77438774
12.34548263
14.24462681
8.006483525
13.46442947
7.602158122
12.90815488
10.71451581
6.152213576
5.475265738
8.27639572
5.32491532
10.54204392
6.888598466
5.877129939
5.343175591
13.02004337
13.72293501
11.64060361
14.15977229
10.58993658
15.71267411
10.72343196
11.95901387
9.705279919
16.36063657
14.06559132
7.579966912
11.50956374
11.04559223
10.22742365
6.995807076
11.37395458
13.60810234
14.34714985
16.04470851
9.005159339
13.34221173
8.413733638
10.95058777
16.65146134
14.32372451
11.34131079
10.93617716
7.355864214
5.460875225
5.74517192
10.35325406
11.89069679
14.83333762
14.66231011
9.317406151
15.37711165
10.19558959
5.922485154
8.572792712
6.605081395
9.431355482
11.8888229
11.45689226
16.27304526
16.63088353
19.40946428
16.92302693
18.18207359
11.60574153
12.08580142
13.75475271
17.69669392
19.22183559
16.76455762
11.12791169
17.84263372
10.89415866
16.90790579
12.04109785
10.26582627
12.3696047
9.864788704
9.700740163
14.5388963
16.42681801
19.07343782
12.75980262
10.32852229
13.5980037
7.617027867
9.34355371
10.73448689
7.381217887
6.862548076
11.63339578
11.37592381
14.87424874
14.64639871
19.10300859
15.17158322
10.62753097
9.503087358
11.2572462
6.704164404
12.95137101
9.04009813
7.669382776
8.005737321
5.858019212
15.26293156
11.16475932
16.25154248
11.48872057
14.23110471
12.54973736
15.5495931
14.82638652
10.85832175
12.72706927
16.73814777
14.12376419
10.35997669
11.90429475
13.36420925
14.77909065
14.84397981
13.74653497
14.85664935
18.30844319
14.50135699
13.3611336
9.761681039
13.95247447
17.26158618
12.58702156
9.131152232
13.39551445
16.3904619
15.08442466
17.66123872
19.66375711
17.55895669
11.75929119
16.71410676
14.14958651
17.73552016
15.94134223
11.27937856
15.68882358
17.77795517
13.76800716
16.668076
11.94173859
14.89179728
15.8612754
11.43559375
14.20649992
10.22799292
8.469377126
15.14227257
11.6427775
12.26037203
10.56744229
10.91203989
12.43262067
13.16698797
15.24952914
18.14000291
18.27957517
16.33259871
12.21181986
11.79224462
16.17614633
13.40188044
15.55788369
13.62785707
13.05283486
10.72637776
15.50811225
15.68673493
11.3767331
10.94716675
8.788271086
8.711996063
16.02206531
15.96109801
14.88359531
12.37987872
15.11726905
13.93435066
12.79613707