15.46
12.5247728
15.08056287
18.68768262
15.53747263
12.11458661
10.3958945
10.98613652
16.01960941
17.45721056
16.95949245
19.43347035
20.23811301
17.14901202
15.34383572
18.79719712
13.25006728
13.25415997
15.28075681
13.4259518
17.58405345
16.32600499
16.95320263
17.27568666
18.7065364
13.84072255
12.6737541
15.66426822
16.75944514
18.59095902
19.6226309
15.68119604
17.73415875
18.14280994
18.95641573
13.76167685
14.71134698
14.22456532
11.75816997
13.2704107
14.33304456
13.31884044
14.64024599
17.54589662
13.15033318
17.41273563
14.01858424
17.24483899
17.99742704
15.10302568
12.06971736
10.28685505
14.62101233
12.78348298
16.22294241
14.95759737
15.58351001
13.07339647
14.99773417
16.37170352
17.58919427
18.58742188
17.17817047
12.15360579
15.72402724
14.6597693
13.11782281
15.81034218
15.32579229
13.88104976
13.78051488
15.9118437
12.43264121
10.67874413
13.79700406
16.69162724
16.51689436
13.38032064
11.26870202
14.96238692
17.00568133
14.21892157
13.41682716
16.93022375
13.52123427
13.76871105
14.81038379
12.84377192
11.2240255
14.8358978
12.70625686
16.39627043
16.26177719
11.48137214
11.16053331
16.47679225
13.02340739
10.1799582
14.80842515
13.82973122
15.52826408
17.25184895
17.53168357
17.64534193
14.78243034
14.16691321
13.97816146
15.27459297
14.50026347
13.29855524
11.26424776
15.49571367
15.50655166
11.43303581
10.95373357
13.00236593
15.45033551
17.8418547
15.55817252
11.83504193
13.47359447
12.33195307
10.3854588
14.35939077
16.5853407
15.46648799
14.9884976
14.12343226
10.91681273
13.69932513
13.97520146
14.52050204
13.14323977
16.34450219
14.9131046
11.26061556
10.72232348
15.64680941
18.0670814
15.2657985
15.73564019
16.27836987
18.64322512
14.58910851
11.46076416
10.15162223
14.32532341
12.25466475
12.59897659
15.81299123
15.06233763
13.16109403
12.93067277
15.11695973
15.5151967
14.59534807
15.92169885
14.02713984
14.6609289
14.98908845
16.91001194
16.54878071
14.3817543
16.55094061
16.22702208
17.80343983
16.80427301
16.45197986
13.14177869
17.05855679
15.52956174
15.96038133
14.41631313
16.77963849
16.17441341
14.62568269
14.33242561
16.92789918
13.41734762
16.17848063
15.1031446
17.51859374
17.73363212
14.73494686
13.91265793
16.57851217
15.39546238
15.76212716
18.13640466
13.89394636
13.3292257
15.53065449
11.3592749
15.28259709
15.3394142
11.77766028
11.43769629
9.859303479
14.572901
18.03810147
17.54082619
13.17056593
16.57541977
18.27936774
15.82823799
14.72756856
15.48386233
16.65205649
12.25772479
11.63746548
11.01279194
11.81893354
15.29911211
11.22083237
13.31025835
15.10250278
15.48082185
11.8296312
13.9531806
12.60563531
10.81487742
12.56626192
13.21305703
11.46443502
15.66935059
16.90787756
13.89975386
15.93070483
14.11258525
11.76577916
9.772152236
14.36471193
16.62507527
12.32915305
16.19531834
12.20440672
9.956499612
14.52662998
14.91402922
14.92018952
17.27645862
12.22641598
15.27097204
11.00936752
15.38560898
15.83573319
12.14178621
15.03494447
11.35562182
10.52782929
14.40044287
16.07499766
13.38263952
15.83381846
14.98660511
15.05844468
16.87030816
11.45204507
14.84702193
11.66553709
10.83253581
12.77018751
13.92721113
17.12429064
15.36589922
14.69636662
15.41277327
13.12383139
14.02620345
16.54572793
16.37055199
11.56127075
11.63066613
12.3001666
11.85810146
12.38686977
9.593692888
8.856895867
12.41758872
11.82045631
11.56920589
11.46224275
13.20753992
13.57519304
13.79983372
13.24357659
9.929621444
14.7830452
10.99859347
10.92458555
14.18789431
15.83126611
12.85756702
14.33837013
16.8827697
11.41643617
15.58669399
12.16171116
12.2339219
12.54452045
9.585404636
8.488694586
14.33160265
16.9740647
17.99614589
13.39754908
15.98023794
14.61516607
13.18183873
10.13853082
9.649200398
14.6672096
16.2513288
11.74588838
12.4881947
14.15382925
11.04385544
12.74703867
16.0258591
15.08743334
15.97536703
11.17354586
9.66300937
8.520421736
10.54134448
12.94881832
9.425212135
9.37858604
12.50091208
16.39080428
10.27164383
8.145224989
8.662114135
15.17879542
9.718847865
12.32997297
14.27704425
12.57292345
9.565058141
8.299741023
14.38848046
15.06939343
17.41537522
10.21771145
11.23413094
15.45574022
9.807551855
15.72065926
12.06690116
9.444948949
12.80453536
14.41163525
7.124911276
11.91502011
11.38752964
8.437009111
15.14419919
11.83473043
11.20883792
13.00780902
12.55625517
6.377617435
9.129315132
12.11960998
13.68588384
15.8562864
9.462112496
14.84672737
10.33663185
14.22153038
14.42143241
17.33144602
13.31673898
10.22671044
14.48854973
9.514411544
7.004969858
6.176355557
13.12322973
15.15310925
9.1413497
10.11864283
6.170466283
4.305358803
2.872275054
2.708817341
8.625635458
15.11479834
8.018556911
5.819255742
12.40892906
16.02082585
15.12610226
8.543395974
13.8492716
11.8082673
14.10744836
7.220758411
4.669723211
10.34705587
8.241547864
9.968017858
8.066133117
14.77497539
14.84024231
16.599358
11.77092661
6.918573395
10.21940966
6.032834151
13.31177972
14.26591508
7.4683758
6.148213542
12.44368453
12.00718452
7.350113306
5.288246229
12.58020038
8.313300299
4.781270942
12.11351298
6.012958315
13.58089674
15.63836965
17.25003913
13.65302182
15.28490309
16.71407381
11.42554371
8.780122845
10.27768073
7.950684894
6.533320754
12.24373915
16.35270939
14.67877452
15.49920817
9.848567453
8.341534265
12.05604698
5.537896524
6.185051736
10.25353614
14.76820372
16.85655293
17.17192276
16.96661638
11.9731807
16.08697685
14.2004885
7.419456212
11.44331863
13.33018541
14.76239948
6.86236735
8.135288617
8.659414661
13.44311287
7.375798249
6.366075931
13.45109347
6.167616082
7.809511741
13.06218733
10.35002622
10.52360103
14.07684897
6.738827036
7.815592128
5.324547784
2.762416225
1.466280424
5.497652707
3.367739865
8.357220551
3.686725146
8.161196299
7.193882517
4.39366267
11.38787867
13.10164123
14.13890388
9.777731668
7.411727101
5.005881598
3.997902051
7.599770866
10.83588519
7.171044429
6.507566575
11.99283278
10.46121541
12.75382187
11.30579678
12.65276525
12.55178914
14.02425642
12.5605042
8.992939189
7.279002966
4.921967082
6.215250234
3.042456738
3.891708605
12.18586444
11.2766926
6.096830996
4.906432142
9.949892524
5.508855723
2.231446999
7.928947811
5.392892236
3.779503099
3.53006549
9.509087806
8.897267633
9.423055555
9.788024325
10.32407693
12.99426906
13.30098948
11.90885289
10.60235009
7.427472853
10.45606165
9.087796777
6.131396858
11.16137913
10.06000902
5.066835024
6.30690046
7.605469629
6.468951951
6.618846948
4.845187419
5.602394018
6.779770492
9.321691485
11.25318308
8.884006736
6.46824186
3.238905301
9.746444646
7.695921188
5.490649927
3.617198231
6.166114742
9.367042596
10.69673518
12.75367352
8.131214681
10.40474026
5.71352949
4.784496701
6.295659445
7.236272012
4.765500334
10.07570671
6.092384502
8.232724666
4.355735594
7.49217818
8.869910817
11.9741717
10.32334973
8.357011977
7.211203968
10.61210841
10.74997139
8.734170288
6.693645574
9.720423967
11.05019327
5.563440264
5.249727506
3.759131578
2.253674968
2.328634154
7.175368297
9.341387684
10.31107452
11.81371052
6.636016741
8.042742604
8.622855647
4.885464134
9.18708079
11.68127094
12.86691703
6.366240057
3.644846705
8.369399991
11.19813762
5.937812845
4.685580058
5.500296496
5.748202965
4.00277875
9.061566018
6.24464676
4.344989826
3.62101598
3.704508101
7.842310058
4.477784358
6.640760317
10.15495542
8.752758959
9.82489931
5.105002963
9.322135613
9.96396548
5.373332656
6.704507064
4.632440671
7.569358847
6.722753486
10.01301935
5.427360895
5.415130756
8.41971484
3.499275604
0
0
7.371355586
0
0
5.687652777
0
2.817921474
6.842254674
6.10473288
3.353737183
0
0
0
7.016969257
0.229630413
1.502894218
6.154353577
3.906393339
0
7.379882119
5.137470808
0.133883199
7.772202117
1.577975061
2.110170699
7.417536206
11.84467309
9.341082416
12.63192084
8.594852392
0
4.110111764
0
0
2.69014389
2.816607537
0
0
6.549578557
7.943103673
7.507838967
3.591040225
0
3.288190387
0
1.978894114
8.181351536
2.925246438
5.926087768
1.202253851
3.300912162
2.576103892
0.87165493
4.840978906
10.91738904
6.919769702
3.876591364
6.485811108
10.39775207
5.38007604
5.747602883
7.805710233
11.5540782
14.48931478
3.816181281
5.908369971
11.11484813
5.466344041
9.451938024
10.9322624
1.319440939
5.038001772
6.509270648
8.363834686
8.9729289
4.567133621
0.781614802
0
1.013071498
0
0
5.27948801
3.497663721
0.719535106
0
0.333363202
0
0.231358342
10.12420646
6.650618754
12.94379626
9.620779182
4.673978036
12.09462855
16.55430296
7.476895908
11.40865639
1.397032594
0
2.509954794
8.326020548
3.47065086
4.240130961
1.314616379
5.823272802
11.42840914
5.979728795
8.187230308
7.624663805
10.67644603
13.743708
9.967509946
3.17735387
10.40895454
15.86798192
5.713136584
7.313871285
0.360026413
7.494707986
12.09974338
6.108786923
11.04770087
10.33603333
6.449787452
3.432949778
10.30605525
2.209070551
6.513902446
12.49273677
15.37820465
14.0616915
13.84411576
8.154666675
10.55272599
6.744048038
12.23278604
9.595942066
6.927916667
8.069570599
15.23010708
11.41338483
3.811904214
13.32269559
13.94151259
11.72870881
15.18724041
7.164076897
5.290415308
0
9.152992872
11.0247229
8.214316611
13.74686029
13.52777171
4.340940608
0
9.600774528
3.429962054
0
5.035690495
7.578963153
11.01619136
3.770469942
1.672408313
10.92975742
7.273764749
7.2484988
0.073189113
0
1.651737485
11.6320329
8.678105697
7.90928071
8.305804642
8.845292645
12.96796433
17.56713855
20.18777555
8.519880173
15.85770756
7.021747899
5.81711776
9.483930854
10.48826486
16.76722428
10.39560098
8.114128399
5.463963019
14.89241458
4.459779098
0
12.23691985
13.3595245
14.61025806
11.94388348
5.91206831
4.142804664
4.648019792
12.10639493
16.26025558
20.40473474
7.645068406
2.765045321
3.365101456
1.150240043
8.593518445
3.653796351
0
4.841900746
4.414017809
8.986411112
5.863999153
1.186590096
12.25949448
8.929875392
15.27069838
9.92514843
6.503959659
4.928908904
3.268964405
1.360772065
3.159711788
9.863553668
9.357722541
10.50660699
15.23049324
14.4862529
16.20899673
16.5552276
15.46394451
14.30751815
11.82793648
14.84672092
14.12607122
9.770532975
7.221062199
11.25400403
7.091620111
6.51701286
12.89062123
8.337625685
9.777781965
7.976384202
12.52248662
11.4452917
12.51277963
14.6057457
18.76783069
19.11811918
13.80461042
15.65376752
16.7589903
11.26680734
13.95654314
10.24223527
15.98806838
8.401676385
10.09297992
8.540305519
9.940103632
13.53123788
18.03676646
11.08941985
15.2332861
8.320119907
8.860661827
9.866280292
12.40784822
16.00304262
12.08272838
12.69852239
12.22280315
10.81367003
11.01379065
13.59451998
17.79697902
18.18183764
15.12478753
16.67000997
9.666512222
11.21321524
15.46452378
17.04606166
11.80995634
10.89678866
10.19051884
14.27733584
17.64361723
16.52764249
12.43437231
8.274130702
11.33610296
14.73948884
10.36391469
11.08585575
14.6448012
14.33233499
17.92445256
16.69257705
13.94004415
8.736346662
11.70638193
12.9502259
14.44221311
8.104941479
6.135767305
12.5846409
7.954752855
11.69519755
12.99421084
16.7361565
10.07415577
15.1847303
8.782349934
15.90965093
16.43659975
16.95373244
14.54574802
13.5036976
9.904041899
8.218226137
11.88555311
14.66297746
9.238937401
11.26264417
15.15357429
17.34886179
11.36178545
6.892854215
9.314655069
15.17920845
11.99941978
16.0515858
20.09932336
19.22759714
14.56036691
17.35087129
17.56534162
13.82991068
13.72344504
13.32933529
18.28429368
10.40608841
15.46543115
14.08251853
14.41339807
12.84930791
10.15720067
13.53682078
13.26659538
8.339981253
6.601746023
11.60471473
10.48286917
7.60422803
14.83545094
10.40363953
7.879261476
11.58717923
15.5270655
11.54797768
14.56731015
14.61880791
15.36076271
13.99647469
14.96165938
12.39650916
11.12845727
12.31934127
10.40241558
9.036138035
9.468481597
7.855612082
8.942983991
10.06235495
12.3472674
11.3646234
12.34960046
14.20697557
14.05413688
11.5022854
12.62270392
16.84752748
19.81033712
20.0669709
21.17815731
16.7346076
13.47212281
18.02031331
18.33242769
12.84892798
14.98322056
12.68600744
11.47073299
13.13050677
15.440514
11.20379287
16.1125569
15.91466533
18.20672649
12.54748669
16.43304977
12.15426024
17.30642333
12.73145268
10.74380423
15.97022293
17.97619786
19.7663614
15.3432142
16.53120124
20.00644622
14.45004217
16.271103
17.7868476
18.60989651
18.09158842
16.15091691
18.93090031
14.95020055
15.75827798
13.55365817
18.74855507
21.52839509
14.46202955