14.323751333055256
12.658072906193585
16.862119091616727
16.00686753081457
16.330011343904783
13.858154877581493
12.330289868298163
11.498699021459343
10.774263338851096
13.504675837464482
15.813304018657169
14.720414740131147
17.97740191433807
13.743580102717221
13.272328526106005
15.423125801325083
16.433461794518376
15.480095990978679
14.390209479143618
17.89457548052407
14.568177746433607
12.612556286328743
13.026500008252484
12.815236858376796
11.22712569758075
15.45345741497984
14.164113566006597
13.683238460509198
12.857036139762112
12.304488459194346
13.179617161523293
13.409301569029461
16.161073017559815
18.10325933866599
16.049011385829942
12.949696220142892
15.741070071534326
14.78486371285277
16.987685523499344
15.669341733925503
16.046730348185964
14.157222499681284
12.768513880451616
12.737455639598782
14.51262139013221
13.691299681830493
11.85013652096592
14.731671391198619
13.93736645275332
11.239235880142191
12.399477146685555
15.105653191172845
17.27770657845928
15.009947982515792
17.65242992655375
16.759344177233107
13.835016035888165
14.343725340273982
14.670461076135457
16.161948740185476
14.28485690461304
14.672647455437293
14.953976204627663
12.77217600150687
12.412684076929802
12.874698615044856
12.687212450132888
10.864810608583419
10.408117096547715
9.900496014083675
13.031075985619514
15.631028253026487
13.910121020806939
15.11309076987376
15.73485529582901
16.86207611881989
15.955842147511248
17.371574199967743
15.103830372125774
12.603798218412628
15.77479889750709
13.308741817399687
11.222784939177147
13.0784715950229
12.173739292020127
15.263643460068176
16.486704765848447
15.50702185183584
13.795514369855995
12.337013768786372
13.092751915194802
14.027211700059913
16.89674236514688
16.851769663392783
14.723871228703086
16.317752381950363
16.338081271041386
13.493175121065828
13.299543782697045
11.419137883547567
10.32386475309562
15.0127475450589
13.180457677684332
12.785690138775063
16.46248632530659
16.563217042642382
16.847575664549215
13.9826784832957
11.85160679552788
12.630688055328731
11.707020198283507
12.244150360923443
13.762016984633494
10.966129426887516
9.920630329484272
11.961264774617616
15.531133152767366
12.109182425892364
12.285803846788703
15.948929647621817
16.97158497507096
14.589520322474982
11.166794202032314
12.14794247965058
12.23511461774535
12.5697730267574
11.33295928242978
15.767234342181412
16.599056671213486
15.011542149869644
16.018862879813767
16.929078123794298
12.467026176820335
12.340433308669338
14.888729583484398
12.50580806521468
13.486513239159349
13.714630665079174
12.575165577518154
13.006520519757236
14.153501817397707
16.332631844425826
13.792873834879778
14.074635898640329
16.082614495458156
12.50431755675163
13.75444464072669
11.75632599414099
14.154137883319523
12.878728700468072
13.864732318832933
14.26405372406197
13.868772336693695
15.894927846735792
12.997414801629617
14.470833211611852
13.239429853669538
14.428755563441907
13.204102775928721
11.952192469039693
10.9874296963552
10.575718055625572
10.394462821581534
15.630928261229654
13.339159860455224
15.740668131875491
17.345419203853222
13.906185570223084
16.01308983813465
12.479560291018887
14.91460478483554
15.497658648148704
16.471131709518385
14.233416944877241
13.90617214893658
11.500428045508361
11.164925375778017
14.20062579120889
13.625990569452618
17.174719621377587
15.775373941304071
17.08530471936824
14.077145787897132
15.02283571753998
13.213240720191298
12.764591519676554
14.167523041545211
14.50712973332832
15.260509568622844
12.011539975230027
12.125576902291012
13.702205145341985
14.542157746942395
13.361774735622227
15.987500672680525
15.366480219918586
13.452936954551843
14.853459550785578
13.047544076971448
11.06562034847929
10.233663130816607
11.593529768991901
12.158644939150745
12.325350973028247
14.589161848341856
13.02123264244533
16.76477616509716
14.096848574567135
14.445534692923845
13.359669841878079
11.98107631817555
12.804128414722786
10.996550584558454
12.313205833344053
14.808999811441506
12.29124972131227
14.779461356209861
14.521570625087389
16.36079520515315
17.116382477315753
17.909644701153432
18.473523745139353
13.192265810478146
14.527384257410468
14.215451952923901
11.74887563348731
13.399873352432465
12.301480250016287
14.706137125695717
12.515244209029833
12.924197376637547
12.71590085060994
15.498095451093288
15.183680219527727
16.386749934095548
14.30759887382696
14.224483324649015
15.034296172826231
12.913201234423259
15.443144046672607
16.730552178378474
14.013795497414712
13.420658588247928
13.589946286807962
14.443945273566703
11.485627630902586
11.8319818619808
14.717524169627163
16.214421597092255
13.09601286591744
10.623593304123975
12.324204379507108
14.796149062195884
11.9676280243218
15.799394262204284
13.471638502009727
15.611596827300868
11.72311803609983
10.949919618985627
14.716835356632597
15.849621280990657
14.967258980461871
15.386154404480703
14.817989387453462
16.713543492708578
14.804138451088804
13.878869542724463
12.14038101053385
9.757841845741183
10.40986148883852
10.247443742514946
9.012565424082196
13.203270369312232
12.131596649759828
10.580312274321514
12.132543456016823
15.712390001710002
14.143285929621825
12.263736009369273
14.047051436039434
10.8733025991827
10.711022457363018
10.336319106062305
14.155702935219578
15.25309650914749
13.569307813307685
14.640386124990663
16.79786799695949
15.309306184948973
15.114432359604823
14.357272822306122
10.796757534991759
9.737669606149296
8.9215691307013
13.776099811303808
15.001461764552097
11.717441690255052
13.279228792949816
14.474336310502338
12.580223747303345
14.536402828232397
16.689984124584722
12.564521227217316
10.104094258102034
11.579135979979403
9.975439216297648
14.68529702197662
14.686158114146554
10.701558083541485
11.294724950774501
11.898772628864242
10.004504634169471
9.27114497038345
12.542188057710352
13.226965721189277
12.895212040078441
11.400229984579966
11.561346264180925
12.22892075281675
11.272675793165488
15.021995722389759
14.432227124143548
13.502205028756556
10.717743027868071
9.362540245997966
9.092168322537946
12.943486565372435
12.518073051844182
13.429453884158857
12.868402725111556
12.43687446885518
15.77489442130629
17.89711993034653
14.77521907047544
9.00366540407519
13.275102196102958
9.933989468395382
13.731726574313065
11.307957666797607
12.41078336818802
12.214231213856225
8.50369151257834
12.147777369159279
9.01000756479042
10.106089702900867
8.049046469629056
7.371957364087659
13.384165241662581
9.283180070042782
9.60732486064463
11.775480272101039
10.810580367291271
9.469055309593413
12.234109469366492
6.96724740374003
13.123609965755724
9.270539099382958
5.705467796441491
11.828706061548562
10.382050559714923
7.545964046911662
11.373131023329407
7.852118752891133
10.837393617567475
14.769090321102304
15.008253774928626
13.708888472672214
13.719474256942064
8.331500080784116
11.377244756951612
9.391873792533511
10.512667426763628
9.584242943138676
9.938734168036019
8.59868085126262
14.44848480475425
9.91859004276381
13.325189103206906
7.31927401901693
12.80508419321528
7.658952536474315
12.20125280045391
10.561934569056264
12.569883689185463
12.475996610978074
13.64278520994673
11.059824608775239
12.301798975524546
12.071965609133123
14.015457492213235
14.913402217415399
13.145909061961039
11.84647672391871
8.326640575944626
8.153499652660983
14.205298920514148
14.675726169554341
12.077105948518511
14.515952177364822
11.71515173704149
8.124367152081405
10.14900994794528
6.803428658024638
11.623953772190845
8.142410791865224
12.998060279505161
14.360856223511146
9.623186326861525
8.938672804906785
9.664394362612956
7.912284790810098
11.629793653993817
10.473525440636674
13.881352920181026
14.639059529676778
8.625721148792435
5.921761499771764
8.684047480791524
12.702062405164419
8.790410691520044
9.005651837375687
12.891195929514124
11.153420018891634
9.864326147972745
7.5546050102462745
8.054865248197776
4.893400587313992
10.530134642173719
5.905778248985366
10.010473942648154
14.402326794069637
8.324465391964539
8.937825929046957
6.115863542383871
5.670964862067625
5.752380736153494
10.517884506442291
11.475957664560925
13.802722793997296
13.739069613289923
7.756199080633067
13.426609020764232
8.068603752417426
6.568352196873572
11.598987865500094
11.641026929790545
13.970660500652244
15.767697907852456
10.283027606796647
12.726306405669106
14.200559637011075
10.53398518582747
13.643140661196997
11.494601738049418
12.914869460051289
9.226942898364063
10.656420446938444
13.846753189711704
9.410908374118195
8.57896400247309
8.970718095463234
7.457771175155539
12.954661384487581
10.225962229670577
11.594177825362765
13.276576868490691
12.767838692525224
11.624917152559586
10.589624809249809
11.3649617908351
10.480203301376815
9.078914341788037
8.123307071337463
9.582817956600763
9.81867923910685
12.052406646929237
6.107873421219907
6.5086406168995925
5.837119209355974
9.827822756338751
10.465534683072566
13.514617769559027
13.201901105317528
13.717367902921676
10.95471226492468
10.262508808570743
9.782820353279092
12.363342959877142
6.372527385055066
5.355304199755629
9.197268696171957
5.495718957730527
8.58982075178092
11.914042882012335
9.94624781620399
12.182523333363381
9.575170878336557
5.878490640503765
12.21514796555207
8.993814384583889
10.242328263879163
7.686817866233374
11.534311271843357
11.274131130864582
12.646387316797252
15.250379063537613
7.870591355102996
5.805665288661801
5.955297042331665
3.962232996279279
5.90666530548093
4.661400523210238
3.2015144198420136
3.8812874654300327
6.9387737698094405
10.429733698364323
11.780373429193823
11.788825534958585
11.170144325804538
12.321525619842305
11.231216226215311
8.394477766613178
5.1009139895793485
8.117335945492801
6.924493771964236
5.670431786722785
10.28183270989822
6.509705968601587
5.879790557366787
4.1039464548002496
5.789727798613674
4.449281659125045
4.217695071532214
5.396219554163068
4.0478823885606685
8.55303641466136
7.304465323055254
9.617124611593509
10.545993728636072
11.541971052118734
7.419999558701837
10.509425410455682
6.785071295805835
9.565058655286755
8.690403781489172
5.818624391884882
9.630105277578847
11.351036374790596
6.5124788327639695
8.622457296597577
7.804301607796238
10.302153432176038
5.37912230109632
9.551674640436726
9.795109622362478
6.437423475768197
8.078794833701487
7.943775938743855
5.645572599491116
5.222100095120389
5.782281757604405
7.564635720061226
8.502004018462792
5.0922544663779
6.371082040043172
5.067032263415614
4.446938398359775
4.99199960675384
7.444231101413539
7.440579214024394
8.647460949532588
10.42644083979484
7.839289064178248
7.630629042166383
6.923326565320215
5.195768214157358
6.360711637792008
3.9907278965884485
6.173763219624723
3.605903190353996
4.69031483377164
8.583189447451716
4.5054646442303685
5.231897572479333
4.242033377922691
3.2140929996243113
3.4507754355175386
3.13089923588143
7.25100562932464
3.8094925248808793
4.2585710083113755
4.433140752375264
7.2693450793044665
3.766434496774273
6.356953740474911
9.45539134445665
9.176895737867309
6.001629924124405
6.956766923989165
9.786569754563311
10.75683701096295
10.94623734654287
11.148853730013297
8.445621709601241
6.957916521538257
4.905139434356152
7.091352278833295
8.53866436670681
5.67823551967976
3.7317562333210907
6.093552249444432
8.359535106687416
6.996937036529937
6.0045910731573
8.493745488605176
7.491144571026622
8.690397412285705
10.401358987234016
5.013738158941124
7.908568486390623
5.520620845253813
4.8588416731665856
6.5314744268146665
8.56357821107525
8.664439465359624
4.682253694920486
5.047875121821891
7.388521338407516
4.481841792635427
0
0
0.24826815254748702
0
5.230804550065943
8.600585377270615
0.8503953929098049
4.945186436676339
3.0957122099288785
5.0507045788727485
5.322818633070921
3.7967775340976155
0
0
6.182246396924221
0
3.064806901443112
5.061774299794847
6.479097365970023
8.036849089890374
10.569015811630724
5.18183566890457
0
0
5.7637176275117366
0.17825195130495164
1.0346339312964998
5.327934815620479
0.87771995803595
6.61422452863441
4.058644304586911
0
3.360135896932009
5.274145553738826
0
0
0
5.085992887532461
2.854253851401324
6.619129652821208
0
6.680216175165014
0.23481349424925568
0
3.0917821428893193
7.896742586314168
2.472881022222999
0.5921985154840224
1.7269832607341424
0.6475963095431552
7.1721797993761385
10.779112319177914
6.979075766459409
4.290780772952433
4.108792775109976
7.51228270660104
9.006931691490983
6.8921044033649395
0.48729168641173626
0
2.2415506993242484
4.678149286648532
0
7.218556772351705
7.595070661412775
7.809315851550762
4.8996477580871804
7.074695665667606
10.162869296782764
5.974650819944183
2.6303543351741485
8.06295900628625
10.977547858791668
8.610274101137172
5.787548076312179
2.1591856689605247
0.8014495411621656
0
3.509323889793319
4.7216926540696535
3.133106415629571
3.08800867266822
9.155022686880468
8.290897659791495
11.655551848911827
9.65716470673043
7.10911114439572
13.2475726798675
14.226368277219956
7.559319480484497
4.83986037076703
3.8038519902680763
7.339694459625699
1.8926309205437706
0
3.44423597196265
2.845619971110202
8.525059276124203
5.989116993631092
11.450274591347208
13.830872981537812
6.131449361946219
10.47184204706073
15.38619381497098
10.25717374890445
3.578629847815912
1.3832022281403562
8.110741529492351
2.462343484106616
10.066834057311233
5.694323174261632
4.045966000880509
10.381445974652069
5.8748486677957015
10.954138261190728
11.080832251971168
15.77925971083419
6.994457590342908
11.559737227514919
8.702946378360181
1.497336503388203
5.440922446469598
9.466297191473833
5.370507354360367
2.518722736698477
0
1.033736150292074
6.353993470566934
1.8591549441124418
0
2.319628631469934
3.163556553082004
8.390319751436213
11.465899560653876
14.482406706901708
7.2632180998046785
13.766559047908295
5.551324163880507
11.379856896895438
6.06222065695162
12.628590469402187
16.692540596689526
6.359821113087597
13.515823416205487
17.62300116881305
9.627079805816289
13.94921181545223
8.10937312008424
5.962947383323882
0.8894114878641188
7.859536475778235
6.978435404242627
11.840142050881951
9.2806901263034
15.006157995263584
18.62115526133845
17.700476390587994
12.99898238563226
6.967308122406731
3.898915351080017
12.479359759428242
7.682329291595268
2.2778543022685884
0
0.1091663133263574
9.294821169552032
3.322506184159746
10.894498121367299
7.733476408452522
13.81109851800164
16.382355909635905
17.762274530842948
15.512416318741591
7.515834015729867
4.893982832257958
2.4093209416699173
5.576234486304289
8.767781806931906
12.515949889658234
13.567204105688003
13.314842066380914
13.998957870169223
10.556463631676658
9.401309496159172
10.0103045078509
15.778506854280758
12.968728804282863
5.088251314480831
13.550606645120347
5.4269640898697125
3.691663382920122
2.235935959330105
5.01110516619362
4.1934818339507025
4.996362145983742
4.48721661859857
6.407539307108702
11.121183164790288
6.9850248398561705
12.276949294477909
16.06913814638407
12.394737061382187
11.131463624130328
10.06630522097845
12.50882106164904
16.8232896671503
8.802835801726182
6.445774444281877
4.661199774570881
6.438814140262671
5.732981554676641
9.903609225882507
8.049303986904125
4.5784537360493855
2.826317899407733
3.1214900832179664
4.185628402762021
6.059726481191383
12.169633862368471
15.943372953264738
12.775081980191374
13.895041541827604
13.905784228060085
8.129074867202512
8.455307661890696
13.935845514191364
12.674670899391735
9.014672418402604
6.771915778337499
8.681802861507244
12.8069107354961
13.017941854081855
11.63937573145469
11.01112868166827
6.187120889847665
9.31477126602798
14.187090677508714
9.59914875157652
11.152405695355498
6.595227927226475
13.358509036236839
16.7690068620029
18.390459528658802
15.461629000750861
11.303065834998879
7.786831380986967
8.709486170887388
8.70803073882308
12.604692324426527
14.18597737969535
8.536708235818523
5.922995519073588
9.626641515145675
7.509941161351907
12.978475469173258
14.149765699034464
8.79391076459331
7.5487723832544695
12.386618108161986
10.17962885990476
13.612682086635711
12.06238308131556
14.646840585032514
8.647241290769696
14.452585263727197
16.766077266745842
9.823138806150926
10.729661530743488
11.928216635703123
9.985562070473275
13.460581614659201
9.63555360770002
13.804508802929565
8.651279638969866
7.116167387627192
6.912062368150348
12.229211309494993
10.985603835236661
9.630327051462372
11.512488812206719
16.428433327891863
13.67143135240897
15.11252619708391
17.09496668889868
14.770207519809253
10.946195113113825
16.11289131625946
13.987708992870662
17.063071005264664
17.018516483249712
18.506189138687056
18.213833471058635
15.1730222641275
12.463726137070262
15.326244518520223
13.468077163157133
15.084461680482697
9.562979927775784
13.119632630133644
10.029908275595051
11.086338760293001
14.354693340780571
11.30991030394286
13.487975454251785
14.355999798511323
10.328178640001642
7.584029596765266
13.215511241148217
15.822990130191219
12.126153947486383
9.65578355291091
8.139584875353565
12.534561778996585
16.98653639912063
11.969010581347638
15.18715877938363
9.91177959084619
13.29228966941658
12.6994120925953
8.987107518826676
15.000385129330532
9.818658190085857
14.24721249200378
10.829071708806955
14.007153767431877
11.013724185481694
10.528161457674859
14.877337946565138
10.016913622602678
10.432935489275359
12.965332491053903
11.83161386257006
10.34071173147617
15.153591009342826
15.537349893188903
19.452701850489262
15.461561086434202
16.443318244572904
19.07983024319585
21.300861068798536
13.609188007280416
10.5194282423147
10.784647945561256
12.640851838494012
8.869337472516055
6.374799712370042
9.336387035551603
12.660433967111155
15.197357891670794
14.230754282455777
10.94176843073472
10.41100470127771
12.407752777809845
15.828611292116436
11.938600876632295
13.198497734943404
10.115973973283886
10.915996878605057
10.520635467700322
14.918052735647994
12.677487247738432
11.268810628086952
10.75574844946386
15.47157469636025
18.30031199074575
13.408677392207895
10.886361666955743
8.798634030684731
7.6128120131328725
9.779663477372122
13.131610082299936
14.927862939399418
15.968606205953348
15.549490250231118
11.861297352735996
10.123928071238538
13.352685880687055
16.210276754901482
14.870313389516731
17.324574804093583
13.808991479240413
16.384424260929908
13.691058294230862
15.284892559633112
17.876495208212624
17.90806170925101
13.195664805707366
16.801386182771846
12.626452371329083
10.484468878697871
10.030590340085675
12.664856661036776
11.214941860425714
10.150552382097066
15.929702350103208
16.686708314942244
15.21661714735219
16.253701428493653
15.159041688806514
17.754268298336612
15.379456797842543
12.766568459239272
15.759597826722064
17.293979342574236
13.67548947358381
16.207702083597663
18.17543469192523
19.01235771079188
14.192533861721865
16.763349579311072
12.341621200533888
11.505401947057313
9.942951442774515
16.13893756804734
14.63341311067654
16.485560255152112
18.470020410465683
17.424857485413902
20.269148931197364
17.209185802212982
