14.003126607111554
17.521427868899824
15.686126742684488
17.814987127620643
19.10347090335276
18.89788966353023
17.73300098483439
12.928570322397073
14.69215230913431
18.11420333392959
14.95312851608008
17.129660109778502
12.842185586124296
11.989200546079104
11.220254362298652
13.112677233844856
14.766808736506537
13.49310763262509
14.096837401986617
15.75194405462264
12.659090814644404
15.39973075091409
13.701677018421917
10.962079143259523
16.004724546517547
13.64969701682733
14.34051631581824
13.477871685426024
12.304629183312745
16.844487010204208
15.425308041997374
12.869956569659017
16.980009072740764
12.75547804412808
11.523231710799472
15.174610773329126
16.685702061114835
15.75570951594859
12.67078498032394
11.381744660169947
9.76351154178799
9.089076541543028
10.515864464997712
16.016112775122274
13.448684262834918
11.964218099439558
11.335194225411511
12.140205982557015
12.667280966055356
11.866324436593663
14.485619918433397
16.711960341955344
17.225655532979715
13.793171280430979
12.15113406048091
15.834815060150413
13.117626350284272
13.592407102694336
13.040158309346303
10.37648089962005
12.211946559241944
13.439809248786744
11.792081259635683
10.899131806643824
11.52871878734277
10.099033278630401
11.78516131838741
12.210660256563207
15.007067019095402
16.030418848385892
11.398935971007974
14.5803283284114
16.566052490365575
17.660350853085628
14.947525573128841
11.459833906677856
12.082727574581773
12.741153943195355
12.606668044734615
14.027670107011838
16.50092065955979
14.227350344586812
12.131052878699846
13.81271820237355
14.442655629809643
16.719339599575573
13.086016260224525
10.560957805184689
11.191557703332013
9.432865756848296
14.962270058973463
13.898414569811374
13.858537947691154
10.541648854214351
13.738546370292275
13.92560016800262
13.508477824590562
13.46888182889623
15.202907688137161
11.008060385985864
13.029839894188687
10.367969947766483
14.980239313870184
12.386612383884227
15.073307735716345
12.551225460856996
10.821118218253735
15.548771133452245
13.134312699580367
14.006467235939787
13.351784356956504
14.484974118603645
13.60188395603847
14.698212818861375
12.793447177227888
16.507428612938988
15.351871741259925
11.762467569738163
14.43225904199353
16.884071336049082
18.167513956495377
15.183005896106629
13.254546833423671
10.217168264954964
12.374570090679235
10.298566151780916
10.43185333058864
11.620361366862346
13.57360137105061
15.251490142675038
13.789898395758959
11.289469554280394
11.9273875904947
11.650633161158504
15.168221752628305
15.253362862228231
11.371806614230582
12.640577374718946
16.346152407401824
14.75728153643029
14.017368860488363
12.568481892783083
11.145172141788452
15.195817103492278
12.826628057280955
16.676832948255445
18.00429692881457
15.291679043720894
15.611198100284273
13.009725394852666
16.696157992929177
12.50875227139818
11.01834503515616
14.769829880091853
15.791006023829063
15.076946622417676
11.647312817897465
11.934885565942153
16.297892763619544
16.912811840950944
15.028721258581356
13.436903038262106
14.490779868639734
16.580993953985466
15.450704310160024
12.647451128470916
10.74111940314171
14.851876423541066
11.443036388745181
13.933703982379665
13.56965245071053
12.351784294505809
11.176642092265233
15.787942892603882
16.30823861504917
12.79934739478565
15.58213092223261
14.876897814901723
11.98805560583635
11.311544693628703
13.284548954635135
13.572260315593018
11.826019499934134
10.298571556145232
12.715630089560797
12.659703219285273
11.374027661729407
13.494695884606559
15.773379176895295
12.855323777717766
14.628116723695603
14.835463707441074
15.187014662803758
17.059133599825252
18.169491548717744
15.109466557014633
15.225847145782975
13.543400064901281
12.97110108376205
14.254161304134534
14.184955886993368
11.958216016112573
10.763118026849796
12.515739625056556
14.566816180519051
12.362770730549473
15.289607965222594
15.372659968736205
14.071337167776587
12.192851615115774
10.60443222667177
13.32059075774319
12.582941802628614
14.324786117715067
15.372554522726428
15.40049737225134
14.206368696556005
11.174616208660453
15.944766620271093
14.335068620616148
16.509390752768873
16.540654392370584
17.140113807165
12.064646095050474
16.114664723504042
13.937724450955598
13.483063276842067
14.941504301353536
16.798770032637517
17.22829023366952
14.062601643088403
14.5250456745008
12.785823215007824
16.372510665556355
17.191344234407058
17.720286858704608
14.342210934203099
13.321208729242242
15.540573730283732
12.402388614505215
14.536990960764431
10.566474713435095
12.819101924909294
14.410246897591461
16.987721009077042
13.600466853491259
12.775548354885444
15.342992225403828
13.08058290775489
13.720809327667865
12.449129920545602
13.757363419319791
15.487540119473362
16.4690224146193
14.149688696346646
13.106940309419944
12.065155862269204
14.74342271335238
13.326365642559834
16.04782766358813
14.383551842396567
13.149945523910546
11.166118368747908
14.714349090424179
14.125439026518784
13.141433772308847
12.458435643315621
13.760586773085832
11.108458783504503
13.251182692014625
11.082846004155991
10.439919182909646
11.56233977964932
13.022001369972049
11.966038734294955
14.976478966225233
11.047371833412194
14.853881295382934
15.972728787905131
16.967875654511428
14.72354398946879
11.661014473334342
14.169462231540876
16.609290080994164
15.960682419038775
15.15877756747967
16.085491187486642
14.344789664875165
12.621029324305658
14.623150897171111
14.85653236414056
16.876682908732455
16.51936620741073
13.241014379235878
15.722737324223662
10.84324968897193
10.268805406902448
9.69163799701686
13.09797467402472
13.248781566435442
14.832259801584192
15.750570816988624
12.140824904351629
10.96137547697823
15.045297199303736
16.066491635060704
12.236793707541867
14.422374302720126
16.054505752837862
11.01304681695764
12.555173800320738
11.067200648818957
9.977048691242356
8.49437608399568
8.601704574869748
8.441726728487911
10.090846205066862
9.637843180058233
11.961764736616843
10.461542150066796
12.880189101905794
9.493095340336161
11.324757164146758
12.475053036614757
11.946681881538066
11.980697636422358
14.374167529404573
14.961217366259742
8.527564953879622
12.492152364197967
9.189628938332273
8.204896316187682
13.935744607924317
11.873639063061276
6.26163426301152
8.349611396203683
9.913786117165735
8.939702888588842
10.236646628295041
6.920336186668187
12.99692571150911
13.70752986415532
11.671965277294337
6.474679397393683
10.954771215485021
13.62287984821177
10.694192415481359
6.828907967812304
7.7290287320464905
11.321343768000036
12.404248118489033
10.62582753506275
13.001184967930968
10.238783524658738
9.885120284331286
6.803333531341714
9.242434951564174
10.149169472813263
12.53607646908798
14.53553443512057
13.952671054193393
11.584337849950803
11.801143937749849
7.749507321504851
6.256800818959183
11.277691863353034
10.539899178424836
12.648012959430723
12.412235610456955
8.678762535281582
6.312746540807513
11.376376459789242
6.826912304267388
8.258080186348202
12.887731989952929
6.342529927834872
8.456261943286819
5.8059917516620505
7.531871128369524
11.377786228369477
13.584870114391123
13.595220756468244
8.452974971930008
8.627394407735581
12.632309179435403
13.49251832448903
11.426363298107002
11.16661401120848
11.155016235961078
8.422347590609984
10.809281813872175
9.176150789219639
10.910929136102794
14.55320490607373
11.827506333317348
10.785667329050177
7.418575025223721
11.656313435455864
13.4139828625224
9.800504339704142
14.439310922419658
10.714637130289786
11.67518646043115
8.939368481487907
9.907974468112094
5.157008752915419
7.000016847780591
7.656412880535298
10.239123480839641
8.68187719313057
6.206420464295597
9.501099852547748
5.012061004832167
4.34010408633082
11.008012052116884
13.26974706962828
11.879792358317822
8.766428679083672
8.061633204403668
4.527664439021753
4.252886240905642
7.45437459158023
3.8330442361465797
8.368602217182051
10.957044700896413
12.31471023967622
9.22332325733576
7.518897012803645
9.72758176595984
4.992940557408997
5.731060504757764
9.153448270902343
7.742892400206076
5.629948030679174
12.10084660666293
9.136700088832734
7.996507133231303
10.138096602832078
12.41948065392808
11.643942837933192
11.91472140069979
13.630464958149211
13.830219323774728
15.71840551113388
8.425033802583144
4.063972731968305
11.819155811166969
6.870552965852141
7.017855343040901
6.868757362751834
10.026136764158942
13.553074688140327
10.274304995773646
12.431350688916844
9.187805950751152
13.478190163092936
12.637082402675865
5.824635655879754
8.628622450396843
8.278661802550745
8.329863592636098
12.48271567369433
15.016644300327382
14.05204211461395
7.6959702958581
3.834521807431602
1.8197768818098359
4.206048525610406
9.03176791303013
9.831359742029393
13.089520851310514
6.972042725435923
11.887119814880815
12.1194558743275
7.676386751115625
3.5038913407969803
7.109967271100196
13.149962037559249
11.125198977094634
12.498117143312474
12.764198507972214
14.384714479466098
15.257613348472422
14.608187324967243
14.63526655988787
12.42195469289025
10.283768244508604
10.496007521600095
9.569406780206808
12.908350161853043
14.796855819681884
8.817865135183208
7.528804213686346
9.20207545220645
13.723479325688604
6.620977600342018
6.678133281864433
2.859676997598396
10.126317616008127
14.254255916516385
11.525977577558482
12.295289572906139
8.771926121749479
11.938148819208617
14.966702533726028
12.283338493337798
9.035198718620586
5.551858404010888
4.391236334378261
7.9305941264479936
12.117113623847757
12.034092117051635
11.281343061827611
8.837032848747524
10.428571028490145
6.136655466540745
7.495317419268018
9.519310070550475
9.982270495364924
5.530333175949929
3.809513401338081
9.329591912737481
6.911694496126245
6.259453702720894
4.210840551398722
3.197942727396393
8.35179259923547
4.537803898089814
5.809999806308234
9.992680670156354
8.929825723885042
5.093155529600243
6.644444685851941
10.073370584210046
9.505765060222338
5.140525049792815
3.972074189593341
3.4742793037670214
4.052445186347665
7.969174686901324
9.894985733547594
5.697331294814568
9.608504766953955
5.79584442891437
5.675861565341876
9.520703496562092
8.620551263952294
5.522273301293158
4.521913692893056
8.14484280436399
5.605982703345071
6.675221768854399
4.762588063608854
3.0779003045731548
7.590578032081275
5.641784015112824
3.2057037943034903
7.036832237781185
4.361278335663316
8.459204064328297
7.511712177635751
10.564184955189901
5.504470873355568
5.299192097406144
3.1461839808586958
7.09296692441392
8.728605536591383
5.1366145864663055
9.512545811628792
8.091026430604037
9.547013445620745
5.584703480182421
2.7465588165888293
5.523461106853244
3.4345063777976623
4.685378715027314
8.651248175888645
9.48346798610587
8.789109163910325
8.475473613711443
7.082548399878338
9.283858390948906
7.542014276251568
3.8632036614399845
3.059430566313498
8.012278459381978
6.240714598774128
4.1668026223758154
7.187103528492315
9.02150369471298
10.214315868637872
9.081234235364192
6.611216779184717
8.069100388658795
8.590627916990051
9.457333411887797
6.056405887646393
4.994622872755951
2.69014946224115
6.282688110159418
4.832891182270157
4.364033602835082
8.862577183773453
6.314046347241466
7.43512829184869
4.288594071966006
3.927900581717763
5.02216968826575
6.2766450533935885
9.436586545122402
7.4351793074948445
4.611322534856709
2.9887905567180564
7.808819869492737
3.2646537891306284
7.318163689282734
6.0582186751193134
3.0992960052667433
6.491796403079153
8.781614852001066
3.774633359597429
2.197630206347365
0
2.48972488461534
5.313687074946818
4.635986311004096
0.8682261207242163
1.1869106739196154
2.5864559266211247
3.5930459994769395
1.7019809147549134
0
2.9928759755107732
0
3.2690881200800623
7.839746512877104
5.040918468447396
0
0
1.517766599140896
6.376336316727244
1.7765261435827977
7.525051490922597
0.712048668291418
0
5.404985789105372
5.502850301571678
1.2927681055746447
0
5.95887307008695
7.929616716410902
5.2059632392128865
3.3981106504955925
0.6089534817538786
0
0.2761649769141634
4.832798975362759
8.740604922570663
5.2148916174311575
3.95398813833544
3.1680496014268194
0
6.451609051813383
4.1597380434192175
7.465435704365434
3.7382514727358362
7.009634516399492
5.705933352903809
3.9154018823932137
5.408079630380647
0
4.427340901862928
6.5495489165946985
2.0651053142639286
7.8631962602879035
2.283144685269045
2.6054251430468813
0
0
0
0
0
0
0
0
2.9529986704870517
4.419718313810797
8.02478344414867
11.559421170787836
6.97798169823484
0
2.0461437260808957
3.8827230250015283
2.187504487856401
6.305863796936682
5.462880703265309
3.4390984214073876
4.5732447169216
5.1934706025569835
0
0
0
5.748634465451083
1.1341933011266843
0
1.3972225996858851
2.402901849198562
4.302105646290116
0.3208522508522478
4.442819332213966
2.014187830743092
0
0.3449471016839505
0
9.389251632902315
5.549701407360599
10.902986821060196
5.502190528421804
0
4.307850395746254
0
1.8100632668077097
10.471880337346908
7.867405934053939
5.456225902232997
0
8.37473639498253
0.14948231607251383
8.182339052700875
8.34262489091752
8.733745489754869
2.898205930072577
0
8.006111709005609
5.781461609163182
4.011081580284371
6.176673769125074
11.482756065655721
6.046441127862976
12.458747926077079
5.0996450686950805
0
0
8.950358618128448
0.726374453787149
6.6849200441027525
3.36462752611334
9.719698873348715
2.1912182667464952
8.4014872319697
7.611686986293553
12.968492156140716
9.34112427211234
13.4770396623487
8.60580889555411
3.649264476890946
6.329830004201315
5.852916690859477
4.13442183509454
0
9.474930785874395
14.249686996552024
12.084185862469464
5.181498885990058
13.18488047396053
7.276325998740423
2.957133927028189
10.115806181494822
5.078941253569827
0
7.98652594080969
11.525498975401874
10.179712903700853
14.944709796216195
8.93504733915994
0.7221432643796337
5.073913353490279
0
4.427873246352361
13.013047706325853
15.846788038352031
12.213475309243139
5.711247373067465
0
0
6.472954809523012
9.343524823352597
11.776265316139904
8.951623871911961
2.73002203022679
11.094303201700463
3.454996875759016
2.493699934137095
6.721884464337781
1.4546821443152345
5.894353822838888
0.2954936841875586
9.284749361002039
5.816857795957745
11.509808627370742
3.326998798689756
7.389089104277053
7.642795944772783
1.4376582540854583
0
1.0586772042830308
4.58349239605192
7.207339433587665
5.951687714743221
11.489911505442699
3.366815777994953
0
0
0
9.503810225451502
11.128066514023066
14.372195157371426
11.684973231884914
6.276235289525037
9.905198546370624
6.094098730273475
1.267821505253547
3.1393379977081084
0.1635632030315879
0
6.791937317644038
3.192108734918211
9.560320526796207
3.0754184245901053
12.041495437477675
7.091275552013252
12.14956933923304
3.489565693951586
6.864318954060954
10.603615407693963
9.07081437131418
10.782384996430473
10.531120105735742
13.21286789000052
16.83227532546156
13.390384578635814
13.523171908288187
15.129247099627266
9.042859485901475
14.071631471177776
6.889798217979001
13.371611266769364
10.660836510976363
14.544342787753717
13.266731950677206
9.451859138081783
11.985433664345576
7.274213422919655
5.0975274415625496
6.334075486790009
9.391311998131991
5.6083904918723215
13.146932033924605
17.07042379505245
12.120905757355688
11.440741884455285
9.891886930492827
6.469092902157339
4.649858417232522
9.327497804106901
5.537329335241279
8.945116514408333
7.622276927295478
13.21799292545285
7.6364050730174755
9.433080703764183
12.45453627065947
15.371207364934856
11.070975400253431
9.211936452409443
5.183661927973749
9.115405568698144
14.035089665857312
10.369362233773654
5.702166486277437
12.326047208252879
8.811590551093397
8.133009809421903
8.968269208213801
5.76836519066223
3.7491610635509476
7.459482005951588
14.328589305964046
11.708707794884901
11.193511945288112
16.140904379998506
19.012575807569483
17.63032092089247
9.204770176008507
8.629592116703606
13.436919145932498
17.536396521242605
10.951616099171419
13.637386111511773
7.491857349581733
9.978160921431382
7.197794081672662
13.324068199769261
16.066328321297334
8.757442928545053
14.760980485005643
8.541264243178826
14.234812866428205
13.483405533756148
10.927783982386238
7.300787017284897
9.17743271930975
12.688645404595075
8.609599012758299
9.15941669088657
5.8862937815704
7.516411192819198
6.446558889908966
5.454623748404046
6.6739735810211
10.59216303566221
15.190765107754574
12.774797708991581
10.955260147777373
6.523988218787313
4.603669681539236
10.20715200134322
16.243677648277767
19.147234982570275
18.208833889076892
10.337829025338479
6.144756935354663
5.215405973223359
3.748628526177801
4.0558052901998405
7.370493574508396
10.226275538366991
9.365490422550328
13.795461911540032
7.915830540361557
7.709512296168608
11.730766242049944
12.474839331569907
8.749469272789069
10.017143959339265
8.416382484266093
9.407595219774384
10.263096528958373
5.947001905673728
5.706627277673888
11.438864262077944
15.139962143291225
10.727485288480583
16.29930021974524
10.491202659561408
9.791514753399925
13.010765741540572
15.825827473539972
11.264727314394571
15.244342331227632
18.465510249660305
12.386251292128616
13.386959239917653
18.274178695642085
16.33931324552793
15.21250730458476
10.39434007417054
10.767147793609396
10.764006241379462
12.621829883462903
10.590850152971486
12.777461346706914
15.804789958647477
15.175561263207605
11.168620838276219
12.520930533853983
9.156315661907213
14.905017990796575
16.92566687175586
12.69770802664935
14.390458611109338
14.655682655113218
14.978216146956932
16.313923391146435
10.818890786695738
8.967954348821921
8.257246251707317
10.91586122225495
15.126637091230293
10.753267998140212
10.07086980085977
7.589587581364773
6.604702030929727
11.741165005116454
10.970258270668777
13.110339638761758
16.63991766471919
14.841267087907116
14.2998863455303
14.756510517136624
12.386913825395876
10.965527682509771
11.03218389702596
10.253738901585583
10.907477469774676
13.966536914040876
15.192677808551217
14.128372368708888
17.820825433126327
19.71126965357185
15.315636847810579
14.361365341878303
13.784257253614221
12.336012486582806
15.910450075906773
11.533781610741203
15.106219835229586
15.712538603101649
15.063566428357724
14.154206182442017
11.549772878859244
10.170656826647475
10.428587108482732
13.198490690609905
13.541307020742266
10.132096616936558
8.979481331574803
9.112888498240363
11.570736362782121
9.781569110970995
15.718716414314766
18.489849517608896
15.476571358008469
12.98061831624585
17.47684635675643
15.384492301166702
15.91929550226245
18.347530992831295
17.445588395880055
17.633785787697846
18.64984925993965
13.63773508187263
12.125055649301768
13.217194855024244
17.09169482468361
12.049164168826795
10.349152411616055
13.70884061174771
16.507688040977417
