18.14125663702062
16.729613335146027
13.163020506242791
13.411119113553468
15.496441575311088
16.177651271457833
15.77760998441651
14.795786790438417
15.80731911615004
15.229832284546442
16.780255307035226
14.503146849800764
15.840217960185585
13.4732120412194
13.655823348637878
12.54396528210627
16.97026578431295
13.595114140054514
16.333602107532602
14.549070691050382
16.027009764768508
17.995964578289794
17.99863080918174
14.32894692014625
14.090596052231152
12.30529006638003
16.57345118503017
13.136718215862523
16.536539054662214
15.140149957448008
15.663649941460385
16.553066101900814
13.253743551464177
13.914831987595845
14.799850902397027
14.227740874069202
16.33565092804517
17.38937222611141
14.413824917008858
15.89922665281571
15.956464446228257
15.670099928829307
16.127794470846684
14.26130716005591
11.860568910059847
14.756877136075657
11.673966153952362
10.999101895298704
15.731065801678431
15.149672509046633
17.31599749859689
17.89860301245132
17.821332276788503
12.817710491439252
15.56055122884687
15.763619025459146
14.53645105109949
13.33360067749775
16.668308448726926
14.823764017653023
17.076296388600372
12.920916775086473
12.177381605873663
14.840190791633177
13.212406190755683
12.649765976898335
11.663188281520954
14.40735728758695
14.799219811016826
12.102386410521467
10.909640902047299
12.266240284911868
14.368603351086135
15.056061760022095
12.300010600337465
12.701911768539478
14.842498154946918
13.682621998839085
16.481567503243802
12.991842333290254
14.944182492660568
14.016957998235924
15.301097224136477
13.165393444451905
15.43498138610429
15.940386899255776
16.45860551085916
14.254919907886766
14.576176123427208
11.918079730862472
14.840791227404221
14.383501786139067
13.63412773692971
15.368198849375183
13.42345112908468
13.047002760770292
11.99821674134756
11.622733922322658
11.40377724922523
10.133014775291844
14.191332348487846
16.25220339674033
13.945017527958994
14.65477345887831
11.721584564235691
10.680445377959767
14.892381905633984
17.26124609245935
13.279805567486125
11.79936655154944
10.244254841703142
9.960085507903102
14.732856286192229
15.46397501235067
16.880493820966425
15.171538137616988
16.930873712348955
16.22757432259587
13.9399181009253
14.901648879167483
13.062082722549933
12.09215564477294
15.335792875293034
15.993832300269885
14.892030942733196
15.723558483631649
13.63945606982531
14.12352628625955
14.673730539915809
16.193887525989965
16.697605145702358
17.335949324429578
14.869276778036125
11.666920605262657
12.251330169624262
14.755864787325764
11.819286608033458
14.549033766081276
16.470457886311777
17.565630786160682
15.686290320241882
13.79074102212109
13.406487962029988
11.467010604316204
16.2193261858671
14.579745416558822
12.661980789022254
16.50016019698944
14.29592986981576
14.528115316961005
13.022895283733277
13.668598401425182
14.660458881721684
12.187903433221386
11.452697728518164
11.502862221194073
15.856100166206947
13.928820186956294
11.711305096465665
14.938905670141173
16.75823694430328
16.711506345034653
17.232827828716633
18.052316757009017
13.614166956314198
11.390185189198524
11.189825477173708
15.133408031032538
13.282704188586354
15.745721532845828
16.520276004415585
13.291965341546257
14.084048327992576
12.015410149241628
13.348921462361364
11.879876259689373
10.650221413822651
14.597803225538993
11.650703392868806
11.764208140318328
11.747015538843653
15.89601143328451
12.96991270030914
14.561451689942064
13.082147453418937
16.56338877965701
12.753374440922236
15.9974795673902
12.211610892815004
14.716818636320781
14.84316841608748
16.424927424860925
12.985435989599559
12.835419694392847
11.24192466995115
11.798696803861302
10.865263369582346
14.937319660954907
13.938804990266672
13.88362707215703
14.527364866485335
12.832226164495847
11.145673288964979
13.921705784809623
14.765039238189633
11.810046142713398
14.914434685049674
12.285998501860611
15.892909938623895
15.002603884732025
13.093845136526623
12.778495521108155
13.371322201369166
16.54454241503667
15.838212274700535
16.26771909135835
13.317017808795852
16.23645778493221
17.258885057243557
14.00418543960347
17.040950398232557
12.728978566675465
15.752915894355173
12.964292473671335
11.79031333833678
12.695615013674953
14.52836514248894
13.138715524098961
11.50741652779992
14.54643749990963
14.565746568807134
16.33587636031615
13.214280879271056
10.623252693315667
13.140779718313794
15.829779588712155
14.797610571013985
15.578945584024968
15.46444403012201
13.814966788421897
15.80742888475464
14.301950053766255
13.907725337045758
15.872532556973493
13.498969788986276
11.703510921754827
14.124730300275786
16.162236104086208
11.67853462785534
13.285534321777892
16.146292614745477
12.17889488113547
12.472476665699876
15.770259423861766
11.695563216317376
13.902363118657817
12.732806898673605
11.135180848117756
11.255415310502709
15.39462452903698
14.908746878577755
13.718880211588749
15.232947716657414
13.286177179972928
15.524748228102226
13.941774719161195
15.10982447135018
15.956254635787474
16.179987530071912
12.413149562694539
15.424961367356772
13.49432440440602
13.297021068110148
16.024086390193418
14.587765592740118
15.820909352215642
11.866771808219289
9.604874867065103
13.308522080931027
11.668802745785456
14.959019344752175
13.453353403212557
11.479048411197807
11.267778072646566
11.052590800056484
14.204409927909389
14.048716770757526
13.431881043138329
15.74166314712241
16.456739198768613
15.89525940262872
14.495909419396709
10.912113451214697
12.285736384741503
15.177948306062362
15.340950202207225
14.24435936580587
16.534151859348697
16.625813700130728
17.024340912167542
11.984353508837593
10.855639486033052
12.579968117440457
10.294027349841087
10.863130151447093
14.509150732235781
11.803588923508185
12.934861231765543
14.008712869480888
14.140787330740022
14.736194175843517
15.346109304678684
16.75722098396602
11.441219363159565
9.465257359674679
12.245190028750663
12.046847675375036
11.830791855935232
12.952853306177674
10.167532965014106
11.870202574680699
10.794587533440943
13.1485443043369
14.790789173413039
11.120944032374243
14.595800867480795
11.383426422605622
9.115550401607178
10.711137848225942
14.615325452577874
13.164817169390394
11.340747628438097
6.853125253877167
7.47932501880526
5.3132239289546455
12.759104756518136
16.31428934804326
8.866163773168639
13.739282839260696
13.981267216515885
15.098054429304431
9.42670532197436
8.166483806661713
6.793651888335189
11.969287537334452
14.677622821343741
10.412760454328415
9.820895598357605
9.28463400691092
13.97384413301047
9.879337859812578
7.140812804451106
10.447941086489148
10.877067450884374
13.833109980805146
8.553272915452142
5.601135928806886
7.427639614210335
10.224040687335773
7.391092127603386
7.87879184031119
6.68144807383069
12.306626930903724
13.06515427465365
14.954263988293452
15.642766291009675
12.394129666062781
8.248350196392531
6.980600433023952
7.934679854090387
5.2634955275258415
4.426458786862044
4.075583008425038
5.878331851526275
12.294434145943805
9.950539838887526
12.503101567187116
10.686484062350791
10.49274727053799
12.826985649544945
7.5751870984998035
13.745507914510336
15.757122641610628
15.477852757635528
15.9171499176512
14.240687819393676
16.13934291714008
16.090486201507662
13.836495125854452
15.02941226631226
13.10651457593248
11.556953008311364
12.856410683250381
9.119047156106465
7.926344825651924
9.466054762745339
12.607991354184996
10.379454877510359
6.0985236654278605
5.792423130613208
5.842149691436907
7.247282660725983
8.566815691907003
9.200436805088817
9.826392741659209
14.164234432119729
8.530160304664012
9.144262608846661
14.591287105716201
14.992375536226886
8.181727274486287
5.425429648700062
6.959249211359939
6.286096876853952
5.900609846797426
10.836590980042818
9.444000653612115
9.687305662061384
10.147583294832925
12.18476443794488
8.004892898006766
8.201158037433292
6.133652659967822
9.630424586050847
14.05245424211629
10.019384824501351
6.083582994068021
7.496196207638981
6.499371599856395
10.164932517129028
14.188014357574568
8.049377850022879
8.172954526530289
9.4199208472114
9.091384587185075
8.571046258016176
9.741695158033735
6.507930821724945
5.044338221037589
9.903667212083448
10.988359191058628
11.336454470176504
9.891497821172917
9.278679426692722
6.41174053392411
9.479500966722831
6.381744844291974
12.048046104884637
11.98426081944785
11.112915914703796
6.096917833259216
7.15719764620407
7.963011651390121
13.122038297227448
14.614831797358685
8.913507681222146
6.717249224045016
11.276382792861185
12.427073122142222
10.671825826418447
13.001133961622077
7.465193519696442
4.87616986550158
3.980009794069547
4.99714312788326
11.920969132457222
8.580177730663852
5.235330088397819
7.741300329959435
4.325883166208591
3.9242400202387246
7.275962190808622
10.623229028972236
11.553453184618
9.246466316215393
10.14191357507288
10.978169222629408
12.439547420084406
14.625168762484709
15.0689631771879
9.769872876800843
10.06641515076479
6.098636809613927
7.877792651262422
6.84930931067078
6.879735450645656
10.695513065708777
14.601497509688246
8.977218332848839
9.784782811476271
7.234469665765559
8.11481627036224
5.5939605095629155
3.9774601315301394
10.81920365129678
5.672292692642427
9.463327465506453
10.104907132423264
13.976295717734926
14.650948718753867
9.255552247152815
6.06803522731143
9.187712599317095
9.27449394092498
7.633008632530697
6.380204603426703
11.0483809947789
5.829365383935594
5.686497547551007
10.44554025952705
6.750423945534622
4.734319424039364
4.996843447532082
8.159288514697627
8.535633257385083
8.49417535167878
9.755037576933507
6.882239121333546
5.266072251458224
8.845641545465154
9.376552436023536
6.605982124243224
9.09538164672332
8.698462894494515
10.552173508270057
11.718688275961544
9.958300914172293
10.031256336911945
9.85250845696775
11.311637587681133
8.860883176418275
9.317687689912438
9.496463035751855
10.77827485331079
11.572002484900144
7.828839743017259
9.23713850017465
10.422469524499162
7.360635851720778
4.256109944292151
5.805901372466359
9.633699248051949
11.566152891650546
8.645784598750394
7.4948164893328375
4.507897374445704
7.5265842265498115
5.463923430574723
5.548949489038209
8.62721751546587
5.978102157203981
6.8327568117888
8.944000451633032
7.313082815442888
10.284208546283406
11.448675271418713
9.896141526016512
5.721803065173535
4.110282158476139
7.223053394941758
4.381633067446477
3.3923298260162014
4.325826774021329
3.8937252704842322
2.960104166589425
4.796755990010752
3.047815103302382
8.810166307357274
8.4935773036899
7.336157914647864
5.353845422891854
4.449678423990388
8.39574388850366
8.336477146594737
7.55600588410119
8.370956443818244
7.616102090358563
8.5764780621611
8.761750140950207
4.752027823203463
7.740903312139187
4.776083461402262
8.606724129426997
8.83678591648858
11.025608004055963
10.509700406721032
5.746039731990245
9.571884969605634
8.377623281705386
10.71144996027587
6.93148522344106
6.088627967684893
7.823765636457717
9.075747747925243
8.02766071036443
8.12026045681553
7.334047525057668
8.890081141435978
9.379173235439348
6.46251556962389
3.413181151582713
7.683004501739717
3.762831640334706
8.482548510556434
5.619094264833564
5.430619923717485
7.107188550550754
8.342131892932066
6.138024299722914
5.886954217226021
3.470678147214537
6.183215744558039
5.277538965532993
5.220407414239737
9.250343881664406
7.806419121414402
6.993589283637617
6.647327317035231
3.6525646101686986
3.2787385046289845
7.315447242176226
4.5233781090339775
1.4015290046660507
0.42521162727770534
6.347192446197398
3.783334917154212
0
0
2.5647121964133186
3.048493795690292
0
2.7237391847112153
5.880716497433571
9.156404746966775
1.806094208658057
6.451610570675675
9.284251782166967
2.93556644611895
2.4897797671400435
3.056137869107175
0
4.686308059736563
5.065595239906955
4.15934877371691
4.7050483543339725
0
0
2.7654419046234224
8.643234978432453
2.7910417619482133
0
0
4.63021352198277
7.446749688971467
1.8639677331701403
6.097424062956944
3.9786688499702088
0
6.1458731590264275
7.29689574090389
9.382924422478363
6.116436157708528
2.131529540220411
2.82647038703617
8.831151380641895
12.042475737525908
9.598993961677039
2.89944160295404
0
4.987981024609563
8.89171720768509
7.60354802561129
9.058236930379747
10.06316416944499
6.440687150251023
9.009821527477992
2.730053042453326
7.481120268993729
10.469288450324274
10.725213567403493
6.1487693257293
1.3577252496741208
2.5289636532776685
1.8184302334167617
7.977966412646992
10.380634622566069
3.5743415074823224
5.69326085944837
2.1205851984447905
0
2.019279496301455
3.7835416937392914
3.7239055030390507
9.218488471247342
4.062193762209722
5.150611622272737
4.283053309221704
7.773077650960058
1.6613799128049758
0
0
3.524553437556216
2.04536383524931
0
4.021892079767802
8.32163149403694
9.168945108303294
9.752129926218718
4.902254459625138
2.5543257317565966
0
7.844825490803394
11.401395811552778
15.900412524697796
13.55491638143897
15.719727510456778
13.896520362367248
11.035143054698672
11.026679425759434
7.642448481462737
2.4420984744443004
0.21834454598797848
3.9431655048511223
8.392755469299214
8.330783794907997
2.3237516880579765
0
3.7531285562125074
0
0
3.785435428167508
12.077223543687417
5.630314263861534
12.262501667081175
3.5602101462155806
6.271455529693856
7.453725454983008
12.45215515477302
10.499315510451389
2.6597072414389276
6.644487819241608
5.781472483862683
12.264062077868358
7.560530794684058
2.058938061194482
3.8901695588294523
0
0
2.806786263443077
10.188177097359743
2.595174071079227
4.138186482777525
4.976468507363736
2.444521442783503
0
0.7616204806072169
3.487635852374517
0
7.18978102917737
3.162823422105544
2.1168491100984475
0
0.4580488688509292
8.608617577755656
13.244839154935075
16.686236373241016
7.925610993732619
14.143412532571244
4.543581577614795
4.471121575176902
5.80893912229433
12.117247327956772
3.934607404113801
9.653249773069923
6.190767470102328
2.863662783830102
1.7859506522833857
5.990215025566067
2.2645398501888376
6.6884952821207015
6.761741327834255
13.085092440134732
8.720475140426824
4.094716161090396
0
0.8252783661739302
3.994376719804916
5.155722905654693
8.238509038275854
6.767554695212642
5.995088457754113
10.085244023246393
13.77682221625979
10.317693179613585
6.034389675487452
10.834672708212045
4.562594730577016
1.63361606227825
7.562940670749613
11.551702699075507
8.925977574936194
4.946881364845309
6.64008878381582
3.4742803326116203
1.5157098530162028
2.1061312428652332
4.0589201845418215
8.50666514468417
6.257652041757546
4.924556535267472
13.195463051512668
7.678677769277803
6.641202446401282
7.449048707360659
8.697391695757155
13.680154305494819
5.60392579676996
2.805085926633092
9.489318343139788
3.0021210807740273
6.085789067020242
2.1673047301296418
10.975557846655121
4.805658530774814
2.4806474817290827
6.289238859572146
6.296033826499772
10.668985555696075
10.705207026546933
16.31891915095553
8.990516499518368
12.852475238222942
12.073099696997698
9.497911548780046
13.992147837501546
11.5099314015409
5.441239629179294
5.077584841129145
8.293691229887305
12.417605830923137
11.372417738184502
14.228192498647957
14.369649364854165
8.450539315795702
9.41959991907894
10.343775813181615
5.748959079671621
8.506963374412305
13.988971980891328
11.732213621332921
12.03973884175308
9.219129990366227
9.824490168975336
9.160161552487807
11.114840119352065
7.272897989342522
6.432015965243648
4.99417086607414
6.43437003253586
5.1135398590187
10.111677440966734
13.385618328692814
16.239047591775236
10.875025707355006
15.013352707511817
14.030738303822572
12.912654270268384
9.523557094838688
15.217510749362024
13.763145147122103
13.188346116622752
9.586038807127943
8.56557324502443
10.720536057390738
10.373379350873876
12.48750474076548
8.825694160635765
9.570271952658292
11.367892382746602
14.426307515314857
16.159285556837713
10.093233018574864
11.855218533373556
16.29621404702836
11.823806858386117
10.5500748436564
6.187934819910532
12.759483613720445
13.076156038460496
15.457998560756355
14.745511524551727
8.485408774046277
7.8572477067883115
8.635912397735247
6.6686106204420925
14.026476896269
16.169678166492407
13.13254193989335
14.624584341366578
16.23569347005117
11.316173008166045
12.203540884657365
16.289341021006788
19.08471566102245
16.99514444376815
11.015493328891946
15.333456781508623
15.347276528883878
18.759267056365104
13.801173480036509
15.166911356811967
18.707990329437532
16.016210633489525
12.995665002069709
15.893980801299666
9.661232752961848
7.647718124276442
8.484739302632173
14.039676402155973
9.023801351475077
5.860611771148576
7.382424878482274
10.005130944735363
13.115149408960406
15.485352243557934
18.358896522102132
15.906071791127921
15.20547830463069
10.543456384220065
16.25595103456262
13.016894304539008
12.594257882493062
11.47573717737643
16.879024313690294
18.76806438352602
13.686110344940833
16.07194209951696
10.753131060064074
7.322770146163405
5.9936895271661825
7.684139361432704
9.194330479120929
12.906262261574978
12.389432589128587
9.316994672655014
12.87396131357633
11.17624511973129
16.86551315324828
12.209237616935456
8.527105458097715
11.060279446594468
10.913347305899375
10.74858881814704
13.664478525332441
10.331323390225261
14.160426681903425
15.516686526425847
17.651489601470104
13.40773680224023
15.351965329367438
10.907104286376594
12.445049709194642
16.176555897038966
16.982392672193477
15.627923245502096
19.215430941250276
21.643498629964682
16.559424064475852
14.061290756181883
14.641736291975484
14.067691723461035
16.274756198820597
18.26793974722294
13.07086986718703
10.614934542455172
9.411583581583278
14.35991976768188
11.42782273014125
12.370181313318906
13.11683754856444
15.342896408933974
15.341112179125814
12.189492608251024
14.59772243510815
16.955595390903163
14.685228164443995
14.032980383756911
16.33226017506991
16.058072769781596
18.565586694887383
16.748890885442677
13.830770267844166
14.849641442818585
15.479407021243583
17.78663122963797
17.219989150573696
15.119852020521485
15.737620213751496
17.58463397349396
12.846238043899401
14.021333454432426
13.29754267347321
11.408892874304442
16.21389279084677
16.368598816452067
12.1593123986742
15.42264167184413
13.243223364754982
10.271468851613697
11.855666059660663
13.833619886489222
14.215586493220474
10.73754902884459
13.866097273103291
11.091732586362589
15.592511307945827
12.197154747209858
16.20367419952493
18.879867147600777
19.63930862025223
17.414941252695417
12.467353557564774
13.307880649102803
10.675307032833988
9.960837154209768
14.49386116403591
10.965381561499061
11.65836473902938
15.584605091824947
18.294701323340835
15.83065286859809
18.75225220505357
15.496712375107833
12.942744309326677
17.476070187558282
18.173406443449796
15.767979086716586
13.592715875829988
11.616054924269786
13.743427081624416
15.119574433257787
18.35806658278869
16.405415201210698
15.906988023647209
13.544715995386229
13.883766052348747
14.902206663395058
17.640829011598118
19.502563622969504
