12.922752580054812
14.333861558191241
14.921796292528692
13.220256479871086
16.237770297645728
18.931664417105733
16.82965627338676
15.952064253890665
14.679066878860954
13.55405744441921
14.844860689440326
16.487327947989456
15.772319385730807
17.053021468358388
18.68954767735773
15.698677195782786
17.386590337227222
13.697030364628688
14.552687045412775
14.785412175991368
13.955807825816127
14.62822687725998
14.897089214665035
17.69711090625691
16.152715786019655
12.702018232776723
12.561008016204712
13.864523204441568
12.962887695995754
15.787008762636287
17.98828986854973
13.268679892525611
14.217452883285024
16.51654212117531
15.549321832083352
15.135628008886334
12.54960227049624
16.367879868195885
15.444976334050025
16.971368657618683
15.689345579522906
15.151574295959996
14.944778584474987
14.79802211352833
14.726308489887256
17.38549187068081
15.783502983761494
15.105507390841016
11.820780485381094
13.058323248280582
16.376563007032527
15.311240234707654
14.857316372287482
14.658222091629796
14.565408372661338
17.020326232211684
15.53043526389461
15.310139879231116
17.89118716862297
13.527773912290995
14.038063553688058
16.147410964033853
15.709627309335026
14.916731599598707
15.776955021474565
14.931971562555253
17.33643134695926
15.565533950647524
17.911908414004188
14.891777924552258
15.457761045468326
14.753394915609853
11.461118111661468
13.067597637586534
13.734480322959909
14.008818071034595
15.187081992094509
14.227364848051662
13.16806558299605
14.095647678583392
14.133100699435701
16.058653796996097
17.314739848510985
15.46169302036093
14.685568728402801
14.358691332383447
16.392475797857408
15.061283158802784
14.505714207251522
14.27334764704411
16.809551909148773
15.231340238772695
16.8146526619843
16.16542414855826
14.961321566436627
14.459081784069344
16.294942432529126
14.990947165892887
11.520722112250905
16.354286498993503
12.806794943352587
13.533729800755824
13.720871607797616
13.909329042632468
13.98448900923535
13.113451504994684
10.586774183638832
13.845768622546181
11.403130046831308
12.912180119134607
13.533569587423791
11.839470231258673
13.07038116391109
13.574933600870553
13.76787872859196
15.954557921569396
12.41286473749977
13.265331972120155
15.852198496294987
15.415580566250034
11.889737109289408
10.085818614743435
12.24318175749439
13.130801518943114
11.675025302395365
12.87110855344975
15.664775501537527
15.508712794155382
11.44129705585019
12.714573614137574
13.774373079776352
17.023251743024957
15.62383176539942
13.597702346188747
16.412988508745034
14.751976942373258
14.026117553767339
13.712691742110852
10.738162228108695
12.320311739482495
12.34964429409187
14.121824422488807
13.696110439483487
13.49617955250717
12.43439640851789
12.959301638023405
15.471042293267004
10.838062037495622
12.260495413356827
12.84188208132139
9.885568233043164
16.70173084370031
13.24211997657447
13.205063953211782
13.178535501438152
17.675094382903943
12.541435356977336
12.870401209544056
14.504305286619493
15.53181489156179
14.091087039856998
13.475802198941611
13.20971801238017
11.407687082322646
12.328839140698248
12.703958053468961
12.852658104420517
14.856856963742517
13.732311329363508
12.017533113822804
15.192432954120775
11.548457827551072
12.327980181952132
12.649336173225855
11.708519351044725
12.371516900571937
12.641528711024726
11.155303285644873
12.12378394951582
14.738254863224453
9.978108770668968
13.83674862610377
13.22599991334664
12.965090374656345
16.397682195476918
14.282256146976032
12.693134087710984
12.73773444571517
10.897390827448858
11.989326337446741
12.429029430308857
12.612165285067702
9.41275996482041
11.354733656289065
9.684124619087717
15.805905225729633
11.357416488065523
12.600330081846103
12.670007780305273
12.694982081168408
12.699299272338077
17.5676148461949
14.717546145524615
10.784101275746249
8.960285910497122
11.114106920050551
10.149533151549212
11.599177487147758
9.717224022561734
11.404029230756276
12.09906775499974
17.164096286985774
18.999694838982833
18.869151690211204
15.17235375058261
13.621747144181775
11.461136698945255
17.104636743725393
14.396286212773573
12.638472225273862
12.51381085442242
14.666502688603833
18.03211065328396
14.727755025084228
18.388795214821904
12.10836783340083
15.2359558618635
13.514092857194521
13.139642515529516
12.61557427983435
12.384885400698575
12.620631081114055
12.441446408320866
12.271085190286106
12.194310929808621
12.150765571419655
12.121099226412971
12.096853010224686
12.074880304071028
9.309518642045742
13.814110305410395
12.755592351106113
12.303057519069519
13.078527400623312
12.414360682160934
12.125908265486462
15.007134705672383
15.842251284329295
16.887562825515552
13.944866152767931
12.707571469223598
12.181155824103875
16.81282734311531
13.85974044406455
12.624032570324099
8.38542366812155
10.32786473713465
9.092043315054076
11.313404554476556
13.29268140081039
17.296931910605554
16.388288561030627
12.281028099401052
11.88814239196962
16.676868312102005
13.702673213099708
12.455323809284248
11.928264400248347
11.701349832037087
14.524251323441387
12.769810302569226
8.314245731954493
10.171089693174638
8.107526654457374
13.354533148698485
12.25884684566226
11.798969273130664
11.604428139608348
11.5208095979756
11.483570648817633
11.465627840979908
13.582868415678897
17.3859585208343
13.919709150777654
16.81628655087843
13.677274809781043
16.00161501684842
13.336434389860738
12.22438435131017
9.280286783544613
13.630544978476653
12.338924666660022
13.74731637166212
9.902191583512069
14.846207150418538
12.826424091776206
9.238130473500888
10.484798473507022
10.998581335434778
11.206496368110473
11.286473540043236
11.312810224855617
10.077969693002766
8.493297609017997
14.733942294658302
12.720035948159316
16.294214975647208
11.136500060601776
9.691385792981869
11.028508337389544
11.131931073121423
11.164909626448498
11.17346814093429
11.17185082599612
8.040495195688964
6.375939570309409
12.496643471488667
11.669097903949329
11.313184020222886
11.153657464523278
11.697389538248132
11.291177897400399
11.110590307374347
8.899593094720716
10.091102482243723
14.385968222729298
13.949941464740427
12.959360602670698
8.194934074236858
9.7388785623701
10.370334426973223
10.621507397126143
16.164985284879766
13.012227139257
6.5454239766463775
4.664207442973201
8.184350131485733
9.639220766332906
10.233504749110523
8.49189244522604
9.719772779847691
8.936056459600707
9.893141524014416
11.741946143365745
17.1776701954099
7.601085273022578
9.296217681097708
15.17262281647876
6.044092827903083
10.895481871257221
10.619450307240886
10.493893185532079
10.431038764694017
7.591650280338211
9.191104384547733
9.848069238836642
10.11263074394363
10.213978840225712
10.247441190391255
7.587958153257228
9.140993742014288
9.784281102510155
10.045147331269183
10.14710515477107
10.183266465892306
12.204100148617773
8.500943585896398
9.84092471217614
10.032786898469398
5.792263338178053
8.337129721660796
9.394254891628854
13.63228771021851
8.793371572493067
9.577890254609862
7.375751825252901
3.5680578922369124
12.572793582062868
13.57326621803858
9.59417900918676
8.210993300768962
9.336086266570028
10.852380591146932
10.433030580295329
17.219489438355126
13.993138425304004
11.73561247036698
5.374888055611149
8.136654378828366
14.458998720141128
11.91341780699841
10.847874123187438
4.982425660454635
9.135547839461227
9.673786616844295
9.891160667377818
9.974830386233139
10.00195709840175
10.00536678846401
9.998591437835753
10.623569435900425
16.240285620482123
7.429544680772887
8.890151786863662
11.776678336035292
10.682841224672307
10.216807059667351
10.012299849405785
4.362526596821242
10.113423276226174
9.936841521079447
7.324815253766377
7.463220734099023
13.837105878863031
11.443106307601425
10.433434008815915
10.000269525092392
3.8408362266881175
5.250976659735822
7.803218312150318
8.854285365705838
9.279655925312024
9.444198176249921
9.499984692174143
6.850514193689758
7.664690874988208
14.445673993093646
15.869902565847202
14.249671264255959
10.679485962040344
9.924771087204212
6.244947402927895
8.052317930518456
8.793134268584241
9.089711283484654
9.201173773183257
10.972526512415957
17.069539206991568
10.938057985882402
9.924512966357598
9.490762069676013
9.298745407705995
9.20772797096909
9.657700619544109
9.33575186915003
9.19098805223042
9.120057197089617
11.36733347564925
8.029704184380325
8.606477981008084
8.786592259699844
15.043471440687117
11.590252173856278
4.641372476000341
11.917996308575354
10.18036514467175
8.160046903901293
13.914701889964395
10.993061386523765
11.368865060165167
9.920907389233225
12.975434069893673
16.032380683342797
11.851824611916944
11.705907134223706
10.043072232789019
4.756803458152282
1.864020533127463
7.121848350699194
2.7082770690083846
0.3180569904991106
7.850448829497743
8.416266714213311
8.651919965092688
10.761887679994974
4.487304424371491
10.950498808497745
9.70465870405901
8.857120967368811
6.4380750415037316
14.368884727591734
9.141603522942358
8.937301524290081
8.848059467131678
8.80640570971777
8.784134730911397
8.76939068790678
5.404884437993058
7.349448906578509
2.0493300120904046
5.937726186667273
7.550840628298253
2.2488445751867987
5.99796731054474
10.938999572063423
9.601551230497229
9.035063658354595
8.78968726744476
8.678212150687832
8.61302358938642
8.576222641682522
8.550761574100708
8.340767837450965
8.431420517796617
8.549671372067408
15.333731989546372
11.322751934731574
6.561875880894105
7.644221882784974
8.0835123842309
5.314545868043052
7.0891286896563415
13.267570449790302
10.379196833226018
9.163234284486084
8.644014321896552
4.099347952328147
10.113396480793675
6.968008021064501
7.678426901735579
10.396269724487057
12.154396919529724
9.682714048123383
6.618849171241635
5.6489807645908705
7.053756228645417
7.626936823049347
6.139017415972699
7.227720068115424
5.109495259000901
6.768973498328876
7.448676283616843
8.55897993248287
6.456664500861647
5.46276527445753
7.803549705862539
11.321078363621103
13.520388781342374
13.681197225434351
6.662500323210866
10.65280134878615
8.816702948484389
12.507198230942414
7.660375802393832
7.56667900162191
7.525874420241051
12.388406006663631
9.530640855765135
8.337076164062534
7.836307810912459
6.121551613155166
6.904343029071759
7.225469237195803
7.3539190223382915
7.708768150724327
7.744604996975636
7.553330051730149
10.008110720752551
7.72641861676201
4.959481408919934
10.608080618763196
7.527696036759229
5.490942147684499
8.251078901311097
5.456166369020201
6.529471983973918
6.967964240945933
5.5333543263509615
5.352048215299453
6.449933004230882
5.182846460089845
6.35920191040504
6.838962325697781
7.028239448785066
7.096281073332338
7.1136745172055855
6.4591997461179425
2.238905952488225
4.086056282799958
5.813971515859943
6.509697564486039
3.3703052088509047
9.603705850447279
8.052143889182581
4.402213936224969
5.866656060056146
6.470819469228196
6.71049472602899
6.798128531263881
6.822283931549261
6.819984735974979
6.806290138703574
9.9673107933097
8.092550969332553
10.371501559178043
8.23579676394749
5.193199392245539
9.01988334849113
6.2401526418237525
6.453512849955959
6.536639913022249
4.318804060835037
5.62954804373196
5.40679818428993
6.059655017798015
6.308984468829234
3.5169041218952835
8.199628103974177
7.17904772334804
3.2200860060363454
5.0840600807453455
6.264380254471301
6.338442025754592
8.799172510683782
5.97616465185943
9.578563748891654
7.679094263255152
10.909993462269973
8.737823067939768
10.060272977804605
7.851471952050379
6.925496710889794
7.692212749301372
7.747993136200102
0
3.6870246245368907
2.0167768200310014
6.857392321223697
5.2335125941449645
4.374654195290753
3.9317898093561463
0
7.113436769075162
2.1909126258868623
2.82922276316423
2.159903742961303
2.8447077529991516
0
1.724728617018001
3.3822257587674374
10.95286374274348
15.009136170993095
9.799658819820914
7.03646170523544
5.578599724892631
6.173333049466343
10.000871922912399
7.217591221128057
0.4330606375580235
1.5906658866315837
2.771029816426614
1.752672893576107
2.8829139861472104
3.4980549453391525
8.366660976133629
7.6329036099222884
6.055161124928533
5.223885235937865
8.052154325182093
6.309242890104165
8.015188625431225
0.20052303586493814
2.146910435852531
7.884899715990818
4.761726291471817
4.605330008880362
4.5291035311855605
4.42154154578899
4.442598968464005
4.458624895975394
4.47157896834447
8.220979984171011
6.488025142891652
5.567469619402986
7.229994172150324
5.971632708288412
5.3014027237246975
4.9445653328454995
4.754567031413359
0
2.130755539
3.2806200536844
3.908083951632997
4.257431661919367
0.7330494317277774
0
0
2.228559436956
9.232364322536386
5.528543231931281
12.770898477270958
9.088906118496784
7.1358411907488835
9.049404587152749
2.1433168937353004
0
9.728413259944176
7.543450510571212
9.653931955632446
7.533456797170473
10.314597400047816
12.608367110164423
13.212871959945641
15.77439258416841
14.616164319105664
2.103853450549355
3.614991906858136
4.437086387144501
4.894292864615306
5.153180240993728
5.306244545029253
8.664515137558256
7.209736845836085
0.0961396203683691
11.293793994135648
8.667674528315782
13.786151097336742
8.851606079033068
7.410662771163046
6.6635065412496015
0.11827492148635343
7.961672845511237
6.993099627925797
6.273854524673045
6.1187982463215365
6.048828363936171
6.024073146367342
6.023179832274614
0
2.8320591917969997
4.354002011958879
5.176216879800259
5.628170101578418
3.5546145929654385
4.780080907045358
5.437968148833404
4.812864791910019
5.470791745668187
5.835581320891544
6.036197690743728
2.86054241169339
0
3.4884739561201643
4.801748482661719
5.503340770024293
5.8791943403119635
6.084606966157464
6.195132422689623
2.5829688985770574
4.341007124514718
5.312299107394054
5.863783295806468
6.174322856725332
6.354957368135636
6.465361957058175
15.53885504769999
6.369850291012269
6.500078101155147
6.582962909585387
1.8164457099786482
4.1251218933176075
6.307733575355104
6.550439726566483
8.398834119518028
16.8886057418669
12.240618267556176
19.352683054285716
13.58611064480186
1.660391745967198
2.793341558143948
13.014611128295032
10.251578134944229
1.2809010188074854
4.022710733724675
7.974851356910967
7.628048089509692
7.460105919882372
7.387833733005234
7.366576641278593
7.372707945239258
3.1451284311875476
0.7228814691572234
3.8961029084262955
5.6058730012072715
12.07915647836498
19.389299871370962
19.84125675365199
14.161193609311702
11.144858559213725
15.67021056737522
11.977521966670418
16.524390245316773
9.170159361497568
3.9142566916733186
0
8.262770005269125
16.522973508567354
9.61185633837674
8.837701427948828
13.978425228827275
11.185276705626233
5.838673990689701
6.856890700143024
7.407044917394318
7.713038323025607
7.879136983922464
7.970587809029027
8.19271790991739
0.634851326021165
4.118010532703894
4.035757194359655
7.834639049693797
17.35247231453902
13.047550551283022
10.75130904323162
9.526963789029391
8.972507072401083
15.195039199661657
17.185261751401576
19.60558785589432
14.406598047795208
11.646877459201523
10.188732207315933
7.097258355324977
7.790228633319408
4.310765615680779
14.182247860101022
10.440262730319088
9.634848884504265
3.0525975022030423
6.084904481833377
7.35915646961129
8.056195137782584
8.445232778611787
8.67043526181725
8.808473093241684
0.043350899710688395
2.1047251856861493
1.4939047386786726
5.0407520007439395
6.942056413211967
8.007908811929905
2.729144039779956
5.792804205949585
7.427573270617698
9.658118345151395
9.727768129663946
9.573355054646681
6.88443310729556
8.08458064152991
4.989305935267824
11.669860084983634
12.568160049546872
11.168776851590211
13.02987110738491
11.438133237093588
8.40139878858409
15.674373804169496
12.880072397251842
11.398449619181584
10.616642257565292
10.20754055072084
9.99671941066064
6.847652619272747
7.289506727842471
3.8661110704254824
12.056808189517483
11.016969975453529
10.467100771308003
10.182827180225951
4.4523711994646336
6.978082523473329
13.038315932953044
6.122460232239764
7.8751267674461385
13.805039430033842
10.343595401121824
7.797324878791604
8.7785980613312
4.849744050473024
9.240490488750964
7.495437027391421
11.502261610539342
10.765582432079793
18.04856740444248
18.13828401490651
14.533844747598321
12.566681972768464
8.76219842607839
9.50135033322643
9.910611048617623
14.008823514326318
15.92838789504557
10.05824044734564
14.554872639823449
12.681237336732792
11.696656037181617
10.821721241113458
10.735305082477142
10.704646138567803
10.70396297164078
13.17421537580394
12.052867534563982
6.452017606592221
3.338134779675535
6.851184984729866
15.018779112601022
8.253327239072739
9.528005932645215
17.887977590062185
13.480880527839808
6.914180376246341
6.8090787987049515
2.6784969626572144
12.614923266571148
6.509985920605384
2.4200597607733307
6.53818788954265
12.0498309686951
18.951795377618545
15.398366282824256
13.515087150631022
19.06685218917079
9.351396736899783
10.325363934406724
10.856400812582427
11.150008421348984
11.316923771958818
11.414764449708224
8.43089225247554
5.859226358254503
8.525094118513604
15.370589613047303
18.465525416251673
9.124377265271143
10.290944530162681
10.917980292939806
11.25472628758668
11.436573662788252
11.540823222233811
11.598261465741963
6.048669296978978
5.775149995719166
4.932898792784163
8.09172951407563
9.778099985704756
10.679054207367058
9.808848231127735
5.961580756831547
8.645709678033313
10.079335624298576
8.648327051887671
10.18267232326426
14.31601793230095
13.227015656606786
11.723442295716914
11.862849285334544
9.046639425817698
10.459291423545324
15.795412355447509
14.08516624609179
19.165419433515837
9.62232048713635
10.830656681893956
11.970075861324686
10.194951996907712
5.172820994070159
14.633395229007048
13.574995419334162
13.025142446314709
12.746903081936528
8.723823262591841
13.50182671462124
17.195599237850757
15.053208930855163
13.927521054654315
13.344527974696543
13.042400383005075
14.338223362185236
13.599477935369041
13.222820581298919
13.95511164161629
16.279112249623388
17.323507723314556
15.278753325161647
11.288298412012946
11.836644259652504
16.4183752806793
18.8706137821192
16.567346891199453
18.865012508686046
16.207843861838874
14.802309847921222
11.041124518061746
12.067532283597748
12.625341853315758
8.209561412671938
10.591598596589746
15.656189918709597
14.57759723438344
14.010435442335002
19.314977485853305
16.55279293870732
15.084966156454225
14.306754002193975
13.895873955703705
11.619363973053854
12.472641644367537
12.929345621965517
18.241726806008607
16.011179038500195
12.544627760526645
8.85961001713121
11.100905162794213
7.683791189426351
10.486180766009902
11.323236091788448
12.461545204710315
13.079465427860423
13.419523351560322
16.01733908519769
15.007714160526486
14.479587859301933
14.20876671035651
9.456207703080594
11.551099478584806
12.680541592756853
16.126420555733993
15.144558942531658
14.632103778192892
14.115232062621123
15.235214224597234
12.65200550678444
13.351012015728177
10.394822604984414
12.172382177585682
13.134027952928719
13.660379527297764
13.954619512379086
10.783318194793338
12.447407131873724
13.350070067585818
13.846869547368792
14.127100287067986
14.292160533724477
11.798922661290197
13.081070553232449
13.773067707219834
13.8950843805109
14.238546768034617
