16.618478354186077
17.087386012204906
13.994320522190499
14.625796919275405
16.746833607592446
16.57465033286997
17.741609320679757
17.84689268577038
13.791673534088018
16.37454154553326
12.729821263046546
14.861979407922494
14.067134361342601
16.021409514228377
14.283519691102454
13.239663892549522
16.950065149185896
16.563639697945163
16.950390215308115
17.162832965911008
16.620007310944917
15.762280686991428
17.315933328556717
14.106486529189555
13.377700315121976
16.287582208889514
13.64341827855223
15.450893509259025
15.144109229069965
17.784946208550817
13.106577235329562
16.355808994332627
18.567255996858933
13.834245602461015
12.595582833020027
16.844342375085667
17.239929825859477
13.052691902129485
13.350966016642612
17.2549031764059
12.924235198862679
13.042137718617528
14.660604722532923
16.316774108382898
17.98875217110661
16.00807846733905
17.777110178467492
16.209126926763492
15.297257965060227
17.57373005075741
17.271768239491987
16.081602852809503
13.156950409421388
13.726966431415963
11.84614133053154
10.556665116865785
10.81622212689484
13.768010059813735
12.756029989834367
12.697360390074477
15.942145400109382
15.363239571510618
17.846571206625
17.698699292024276
15.023743175066173
14.83100203031481
15.425013209088188
14.734516750509176
15.927861546732547
14.61933984604602
15.555595053375992
16.3108774532421
15.247748219272568
16.166637217232406
13.755101780873032
13.61834650956741
16.27871054826904
12.172423629664848
12.441187135722544
15.153434085768765
16.77521251421464
17.694871721545844
13.794721060871876
16.444924398063915
14.568854562563347
15.517452202666515
16.158329324350913
16.362502192879848
12.787560745134492
16.134335640308052
17.031842609408457
13.93208061418569
15.988826152586567
16.349401679179397
14.080396945143105
13.258732433102086
11.590287302050202
10.460435337451418
13.276194099259957
15.688763866622214
15.452078958109428
12.250122115927754
12.959566399661663
11.019114214289713
12.935469922684707
11.682428600583487
10.100257780042126
11.605208665359859
13.27968144196434
16.698867116804912
15.324839539012942
12.387263397370855
10.534610778274278
14.210723302959273
15.800086990685264
17.63625612476717
12.686251513915522
13.280466917333374
16.184958801458524
16.395334182057447
14.428737178901201
15.328485473183848
13.521369404584512
14.555545898608372
12.86624506710655
10.538038063875392
11.726728307791884
9.791372622294361
9.51946105027491
9.642708335054213
13.595610881520921
14.740935680930383
11.245128974780181
11.087032953942185
12.691907126736291
12.396647587344518
14.805458350865395
14.019573263016323
12.824566073133948
16.535711327831002
12.994000953431357
13.831007735997261
13.973756219451404
14.394671418402087
12.790707674992213
14.007356488464922
14.503091878627
15.310056547141643
16.12430106497642
15.412328509039833
17.122439830061644
17.456504169821688
18.257339313826293
17.601312791051566
13.769630865453689
16.199421168544223
16.284019841375493
14.47412706076517
14.996807347166346
16.79729811822967
18.20544911022635
18.72136517771168
15.195559500491697
14.206279625780855
14.825134330005184
13.729759019646272
15.284164226233498
14.209404314075062
15.711282886003938
14.678084720118257
11.671478802558294
13.59575893358456
15.678610098459508
14.453662307298222
11.612495547877476
13.235933137065413
15.74153417167434
16.59702233668041
17.25468368364129
13.671228524789388
11.563023612609697
15.207687422345916
16.658842824250904
14.936485179562478
15.256884006957547
14.533659540187406
16.7396574115228
15.150779922604148
16.44620046540944
17.76584671930238
14.951554725239795
17.387573862800053
16.444843636673316
12.380825677570078
15.150580997496363
12.142959287467892
15.718457776133377
12.066409167949487
13.29298570558053
12.880528685896028
15.638510207122637
15.436031441408575
14.126808131212915
15.836764706378933
16.602857068778302
14.716655846188864
12.822684241992617
13.49399164818021
12.3593604858677
12.918519252491617
16.629320012265758
15.10804430721632
16.238174363898843
14.06923225950136
13.46111046727978
13.809209787541555
11.803233321673869
16.15615290689769
12.148689039768266
14.688377805395277
16.653233324253407
17.88881166685742
13.621436320262662
13.238248628173105
14.59575099913605
12.94715902401465
15.611830852040539
13.712526600324495
12.664005466178457
12.887597097062798
11.856047674527076
15.267910288597339
14.787719515599612
16.294472090344392
17.277775109358686
12.966256253583776
11.218927553686061
14.332370200815184
13.477025087273923
13.17030568752017
15.72229497659196
13.226661976264129
13.887810997844454
12.010810427583811
10.544150112060404
11.940208543044388
15.630167722204027
16.483724590165252
13.402800775724428
14.860352430982608
14.539397392326537
12.97727262261807
11.94884426518801
10.719990657880926
9.52995076400547
12.877621494724067
11.632977031175816
12.083687265468308
14.280772608303375
12.129047057981424
11.957678850668954
12.36683924930377
14.914214077784024
11.563058976934432
14.37856667020225
13.402995406456585
14.88531513174617
11.886946854674603
12.894005081962227
12.328355284648733
13.860491153502824
12.536582378654629
13.509584541256448
12.993223255541269
15.0374377353059
14.173324008192088
12.831690348612316
13.248725671814473
14.58225288115933
13.912199181015923
10.694778749459024
12.288098922430805
10.93232141152836
10.734129644245856
9.117586689166576
12.174784564347757
14.548611947370581
14.680000141203728
14.120963361817093
14.863911735316531
16.393671891634355
13.174461465373096
10.361466088773058
14.747561760030454
14.307661756586864
16.446272777705357
16.601076466374348
17.33269950257251
15.857590267563662
13.401287501321562
14.389216434310264
13.203385932686704
11.845641250985699
9.98803334458939
13.304571665621708
12.28473016222475
10.570845584346136
10.830875186616765
9.339723517750583
8.647622931267955
13.487005348554245
14.09158683001496
11.891713984307621
12.777862760424888
14.24265323272578
10.7494998099727
8.976975260102641
11.897216086100414
15.182488753884362
11.647111173822696
10.529448173405145
12.68251347553704
11.977948403522248
11.18356352763136
14.144056962826113
10.350640848107949
12.733906576445168
13.776381136067378
12.746197790102588
8.031992944191256
12.743836883822757
8.750138997937913
9.767964955112296
7.672129199212028
8.27321045056971
11.948912093879315
12.725469946573767
8.02094515236588
9.578517472061796
8.624697069747878
7.942707583310819
6.723747615730071
11.127399422861355
8.027465425605579
7.281478247998393
7.800948624642023
8.476168064833638
6.970298503459311
4.845578078518907
9.708903382145369
13.396968214070803
14.273007637522552
12.583900699986277
7.679883729436989
13.987111921311344
10.84684811991106
9.250730186490314
8.855533766559937
12.86266322681567
13.413870205640041
13.546803809549875
12.48030433001451
7.5703436711701535
10.534194391360176
9.998158462187586
15.156717290341765
8.104354955092825
5.810558650541771
13.396114682034554
8.843080919938533
5.920701576146012
5.629234295592896
4.669671337740267
4.453836511464442
9.28566079223589
6.002922512412038
12.715964923786432
8.081322753060327
11.172120274671224
12.366946181750603
12.678319817413616
10.762935702992172
8.104752338002303
8.85211438351988
6.28221339995309
8.460866050754303
9.829436643410581
13.46114825724458
11.90482403103628
13.667134272139032
10.95969316370009
10.569480751007042
9.193718874683775
7.778587029130925
8.85404348797454
10.409977444297668
7.427817445962891
6.27014913858547
10.888600201913647
6.20928785130643
12.704065008099725
15.494365713150177
12.560725848814661
7.799270598178509
11.56482115391675
8.479105088438743
5.603816258189649
8.296422143989126
10.429429216099678
13.072345803969515
14.720101096394172
14.095043609222369
11.872362196288742
13.999789322125828
7.814420641163059
12.09853481219039
11.641904595355495
6.887501241502543
8.702229468304807
12.51140324670144
12.50691670648851
15.650657848052596
16.20474234308409
11.87632038563666
11.272648028720392
14.248762515350077
12.211878094717573
11.814800497794222
6.441098511022431
6.889438002064022
6.692258654559523
10.406511163374388
8.783604878895531
13.111374517644057
13.695041900948093
7.795528790675826
9.511428804220094
7.805355454497041
9.486429608251195
6.645639077645807
4.243015927467668
6.760726210523579
8.356358954683873
11.239956756185052
8.901056744011052
6.2437773894202575
9.213548696848711
13.135166995417945
7.978458902833109
13.066477474306659
14.342308921312343
13.286913582581207
11.074614931040971
13.582617410414215
7.932763776619489
13.003081274184243
10.186318261946893
11.978809662338236
12.34820729934498
7.38775031911094
11.075309048764542
14.094044264675322
6.895277772317618
9.465960800193924
6.632896488345708
6.564622194001549
12.943503974132243
10.95498267678857
6.037441471150222
9.746742318330249
6.0902202541007355
10.22214520045474
6.370288774293894
11.453304927381023
10.226544060522654
7.299099852177821
4.3129540295011575
6.782507229468299
5.208105228196692
3.434855491802222
3.7143471315485552
10.515614367184806
11.023298639277364
13.831353778420649
10.073292430974274
12.03173198478651
9.498246127710294
5.928120191841
3.7838618324414877
11.615057475321084
12.455950309889662
12.148442751310409
12.198036730009399
14.439396003238052
9.698077614239589
6.134037221271524
9.934411735067444
13.83109539097847
7.726089279599932
10.560219298749692
5.878893350949588
9.770029080753094
8.686714391850415
11.109347034069433
7.561565943000248
4.7712742626389595
5.547567430764347
5.209228318698218
10.53713404795614
8.0079952975459
9.450369952960385
11.897352289094055
13.926752831333664
15.410269198356888
11.742900457920062
8.530158746562549
8.280401237452578
10.127255674460601
9.123558510272305
8.286320622052624
9.75287775183576
9.132663779001943
5.9501999628068365
7.18473423860711
8.770324570898461
7.1166943079700395
7.90522906224396
11.139345295474357
7.4026983684758525
8.056355793613067
10.68679994128751
10.687941550431674
12.301893749623714
11.473324452649242
11.929340135677613
10.753872134154813
11.674788186758121
10.287159942435181
6.694858004276492
9.463229416646143
8.517391918461357
5.956133084515399
4.955424866319656
3.9952007140671992
7.0465488047143445
10.482758158980566
9.610045819066672
11.139546150229164
10.216137889244843
9.150114784436116
9.987780482239506
11.48285101008909
7.428460084674819
5.327347489868677
5.597255120327872
9.90188467522186
6.881726988921518
5.142801354897412
8.202483040724792
8.860563019841635
7.43385022380202
6.086108852465416
9.510953458330885
9.575312661959103
11.6924070095318
8.367796101931704
10.223548067523279
11.326320854416167
9.203506489783662
9.934141819419764
10.092791383599657
10.148473756139818
7.452618249486656
5.84445172808913
5.975895030344814
3.514474321603522
4.644459231767782
6.931931586587504
6.993099900848513
5.436951405548944
4.573076349512606
7.586389412797072
7.069359310047768
5.7585886178603545
5.951136156661958
7.379510746914908
10.535633146731286
6.354001375076744
6.96902070513206
9.650511887485811
8.859259224169207
10.41287649591139
10.167363860034788
6.6668009910330035
7.430115493166251
8.751499640339818
9.899241305758867
9.552734493455352
4.78014613044002
6.712836422431026
9.611433296929698
5.1875299657205955
6.17620202056548
9.420489465265462
4.791145571464365
6.507533840586398
5.186071684050266
4.697762219869595
8.004939593614589
9.982711474114353
11.339034124875294
11.019300783311408
5.599973532853118
4.609950588377535
4.527074661940641
4.348602217426514
3.8599549114174603
8.7270660107879
6.279664274916976
4.170319486730183
3.692050556162764
7.279269122159745
9.623357082443764
10.438449617224729
1.6758506984253199
0.16549285501406397
0
0
0.20176257480248694
0
1.8080059338420416
0
6.227671837318014
0.22730586154447785
0
0
0
0.006875085106798018
0
0.9399415114909715
2.8083312286573143
5.734747961136518
9.45077073009246
10.662570605737073
6.48734636560648
0
0
0.7400565146712808
1.148768932838876
2.842765459923762
2.9719724606329807
4.628713967039974
0
0
5.31679519562615
7.26472433360609
10.677696444245015
8.795816237950355
6.450985692033764
1.3835476186601818
4.652262116708565
3.142069109138178
0
0.11378647663400399
0
5.754873613074841
5.456279594199673
0.6888892164681168
2.875698640904222
5.284718303314191
2.6363358180867658
0
3.7632481878316995
8.250450871397423
5.923508976624428
9.071419485689532
12.102198788845431
7.981240817152687
11.298759827586379
8.692348462146821
5.064032505564341
8.430365600031076
10.466216734685318
11.454776184194927
11.76966368534746
6.327728117422616
1.1866677752319834
7.7948404725064915
5.379894880477641
8.937990566345606
9.264062294667198
8.999614721582013
8.757630281753862
2.6777283478320326
7.435850204082014
7.5134017524202745
7.794266333726363
5.7084115514843585
0.33463126101894947
6.934731584469932
4.396139947206954
8.570847566655367
11.601872426263316
10.872028669739288
13.08632748397469
6.182086771442138
9.152498149855674
10.756046524167138
12.864357452781599
12.541495827102617
5.520332819913612
2.1263264709362493
3.8600961847515176
9.69944968635778
9.429735601846165
3.450251268126327
0.002404757968562876
6.070283995355252
2.1187702289420622
3.297361638568275
9.375492904360975
13.986283592131247
15.235414990303605
14.962531134106372
11.700358254806666
12.421284545248064
8.328378334029441
12.142828445681051
6.1622514270880515
7.743795784870835
9.005987537714017
6.6994400587957035
3.168902500850603
10.540918845811255
3.3218627269980967
0.1577286137325391
9.089522826953486
4.617315202541024
12.169131810164835
12.666596153408753
12.800510751723278
13.420177035592626
16.612190496356313
12.329733145952948
9.36580865531657
3.2992071580528473
3.056258245027359
2.9275379844179596
4.913151871298215
0.15539132863208138
0
0
5.081315392474937
8.21489680406085
5.81874709847223
4.138619602036855
11.14008948179381
16.11398957215198
14.29156968161095
10.62589938778968
8.276071802866364
8.261143357030141
9.083987844277505
11.170551092406845
16.244580896462097
6.721982604913384
6.690420228225858
9.130464025139114
3.7734819418430146
1.6111553823653604
2.514109308858516
8.590374286555845
3.2771884628041246
10.66302937441137
4.688718342741691
9.409292450961622
15.619094090689355
18.133604583784503
8.744252518454195
4.975872237894803
11.970488239344611
6.884662692516357
10.718181385952384
10.194832102872699
14.285079912207102
17.835787611455228
13.615415792456732
17.50057460147043
8.839177170096262
12.258268934364306
14.367246969462592
7.477620393287739
8.167601367198559
5.0116297422332226
9.461734628053016
11.5750412961616
6.454291592373615
10.670437763436215
6.126328327735779
4.118292445564312
4.0071050197656195
5.9957325101518695
5.7031195716846845
0.9334460383820149
5.602234067312438
7.552088599831994
8.189403543801145
7.309245194124224
10.924964314993483
13.401579097333036
9.963505704612412
13.845459749832697
13.469301017128522
13.81367880154929
16.719524698658788
18.777111484897702
12.81357069749949
16.040143049789958
14.510677301419857
5.817576055754702
11.125619547573079
6.897425797189066
14.043781787407745
16.23902693421529
6.404567504326058
2.940729189932739
12.672739157325914
17.609099226128052
18.62624456120473
11.701825514691059
12.513380068274515
7.521209991862495
10.997088414491339
14.638180991816665
13.605665410930024
8.582547681873763
5.783997364158911
10.158562422841706
7.059223657058691
4.165744785764733
8.667692257133373
12.884860839173509
12.553839161999816
8.180991992053666
11.673606040276626
9.94795576402174
13.83026765023801
9.422214482375741
6.884200823803566
9.73948516177072
6.480475361081116
11.547929429444718
6.970833403875787
4.240515157339901
7.090978801899054
11.919635880931171
9.510974447481962
11.732505830132684
7.4322892817821895
10.541612573923853
12.70836746999682
7.277972837100648
8.484064382812084
8.934983525769837
9.282382910339528
9.673864676263785
14.284491219537106
16.74971000990675
10.98068751047311
7.206252406630277
11.787695151799447
16.531710457809716
9.574217493038478
14.555773916207386
9.122836984262086
14.617691335945608
12.460108158184754
9.61130797467617
6.2943864861591585
6.2240426221018765
9.18490072224396
14.164670133561561
17.524582380435678
12.527516305239132
13.409584603087044
11.69597541987212
8.098215511166892
5.386381384562304
8.642319402909537
6.098413327015919
6.354301698537044
12.999746360183988
9.56672924225035
10.74701003163101
12.690675321396185
13.443276046549576
16.757670908012038
10.448999150335178
13.092736051643902
13.120372506723147
10.353206742635255
14.587087944588745
14.763725730181996
12.475875623401116
7.673895681256181
10.837348135508435
12.440922504315003
17.100845526649717
18.79578275864304
16.018675117489583
15.051342086769273
11.252993133074563
12.737593130011287
8.148989128566239
14.506712841771435
11.918282286190632
11.949285328854803
12.07888370678284
13.16003585420659
14.748836302384252
13.511343852817719
15.860889234696064
14.629149382425478
11.68604121594889
7.3294506778988024
7.612676584942585
8.473421260014192
10.34022726629849
8.44690771623818
11.440567948393394
14.044160749478767
11.044300256009784
9.050122072453995
8.591026088693237
5.953160524655057
6.4484382169895476
12.010100537613283
12.682036548424104
14.346625547618412
10.940537055955794
15.119450349087717
9.565057562413987
8.008679515283973
6.878696576489092
12.570877083605545
10.014379536195529
12.148118713681766
13.887259900475033
10.919771252898956
7.739136349033403
5.54441641206157
9.368820791674711
12.022536471659892
11.74660070567159
12.804788788159453
8.586487670445099
14.940269243058125
18.44292176842387
11.831847862238062
10.714496416833754
12.229125448797149
8.454716912383809
10.950108743013224
13.594101327518732
9.024257837690776
9.097664503489453
9.350878310979496
7.702155146333355
10.533970348034266
13.159197551045656
10.978682335368877
9.531058071398443
10.872927852281952
15.319302667341486
11.215239141330983
11.91924551484516
10.116521432224575
13.76450066652767
10.449161806013542
15.259652393627453
13.62013354220903
12.611633996777867
13.900913904311315
13.021895453273586
14.379947693260371
12.782884077288276
14.978952488569428
13.367458049926128
10.176801053729022
11.505214287764108
15.01796457524815
14.189381429694361
13.457060931701271
10.889625737601408
9.228058717947135
14.38792127847134
14.740043051882367
11.61282832864804
14.780241051381584
16.78044973065079
11.896801004934762
10.278254745230093
8.666418387879219
14.147104432669101
11.343634729090843
9.176289575547667
9.456221894820313
12.850285143257997
10.137222513150554
12.990840157899074
10.366371972816324
10.404400096765807
14.888790682963396
15.930348826685792
14.757684097294193
12.872282249464845
17.23223322298201
16.929329164478137
15.420376313989834
15.983112394773913
15.011441967614306
17.520588047367802
12.836415718700547
13.667029696660144
13.442857780818567
17.634100811364355
18.448776669942305
19.121077209166437
17.228518073533035
13.288704561223838
13.159452996332462
12.047115196277373
13.653637687360726
11.657577669834234
14.376689379840426
14.70936492778803
16.48403341589945
15.3324614033796
16.69278544679082
18.86598637732633
20.945417431077836
18.449716545319607
14.945809690664268
18.522289866963728
20.370876808970475
18.054183938170826
18.409775088239712
16.721724151572303
14.18489749189035
