14.234299478015684
14.451732110087988
17.475705021991452
16.22958456143024
16.11754938912699
14.391922123618318
14.937945659690554
15.163788441163454
15.249026578392012
15.029698946094154
12.836310649667656
14.259186694897313
14.843852925567312
15.0786985272711
13.421611621042313
14.467379977016734
14.893572787793675
12.956322555461774
15.850833382747574
15.439773922980116
15.257749606893015
13.604637444125709
14.470559497877984
14.819847417630957
14.95376009030922
16.00609269807828
15.425007623445222
13.425668877876468
14.332626380871524
14.704930400280766
14.469074404770032
14.728599700852072
14.82580146741466
14.85552248301449
16.344241858400025
12.34424177615074
15.81533106073194
15.225433015064601
14.96891873035022
14.070628804876698
14.48060728288532
12.902185916627559
14.459389353205491
14.59576042085833
14.642026042551667
14.65084281923528
14.643974724024142
15.698669572979473
15.059745563967748
14.53404170290436
11.490873130494279
10.452074785143328
11.086794998330468
13.087045835101907
13.910699226566166
14.244232891011322
14.373637168616419
14.418186239501264
17.231599500248475
13.246174085602561
16.485379162332556
15.252688884988377
11.847463566002038
13.30736796775185
13.363023847823484
13.926086442494848
14.152332956583205
13.211407251512453
13.83891023159724
13.305145656525132
13.863355464305224
14.089006109939188
14.17606169362806
16.583974326803038
14.411906333243786
12.365795800581783
13.438343686508428
15.300960508759768
14.644702135919797
13.0398199324091
13.693137277604873
12.753891088271635
15.411468223342572
14.66859973415325
14.35508675604006
14.220979494499893
14.158902761019306
16.57547915890155
12.971909247801843
13.634211120441428
12.043673165078824
13.245398566118746
11.04193864165681
12.826678301211594
13.919675548560095
12.159588385420271
13.640999406445053
16.030644061781945
14.15235873067688
14.097185870189858
14.542387194735703
14.256951091907169
13.886609605372719
12.172818749160275
13.260885169945489
13.710360015857086
13.892717862610848
14.731684590747241
15.374166699598586
14.566911092342732
14.223095983959617
16.217505149545467
14.894708314361196
14.335130724463111
13.715868015447615
16.087441375350878
13.778543718053742
12.687365131575262
15.515348649500105
14.538211835632694
14.123426925294144
13.942974053156071
14.319800177270125
13.996128414463662
13.181770539102333
12.471656393720172
12.22385354824681
14.862605035166045
14.16385834996889
12.821752005531467
12.789766205208833
13.259262450690922
11.643635721176368
12.772171380049393
12.630376590803689
11.130724495352629
12.517141659093841
12.715116632255041
12.354679668606734
10.08590708552839
15.208138208214548
14.160227284469403
16.315678139576182
16.86710848188147
17.982906602838476
14.632829475905105
15.819424929182823
14.347492174165684
13.722874951307242
13.45125563478533
15.687024005478648
16.931209030973058
14.753496861357675
17.978418182714933
13.313267753431525
13.212904888038118
13.160615646688285
13.12841363626661
13.104813736775498
13.08736765865755
13.072485877905802
13.051351094756548
13.610100972523467
13.255985317979729
16.188905481141493
11.323387686432097
12.277374432476256
12.667288709552857
12.819918237842677
12.875955348720245
12.891742399262128
16.305288461955175
14.310151507308323
15.430451874487744
13.928889811882243
12.577156371821316
12.727218678694344
12.783900507331936
12.80242041179282
13.382741532203282
15.160480779300928
13.780690161991497
13.202640351351057
10.857874370662415
12.147514783217407
12.511211386287494
10.321705814448649
11.749560284246753
12.344214198542822
12.592217636181594
12.284875493469762
15.15566156709223
13.748325513817733
15.927034127441482
14.239965914446044
13.363128757246468
12.995223073882604
14.064292138948307
13.280040769499761
10.851700753255383
11.931203942996719
12.374943322161933
12.553759921460077
12.626731540418815
12.649526814038921
12.65141360455642
10.38913723727044
11.699020509667793
15.32728372791231
13.74174110997586
13.073192295070543
10.445336532962948
8.044174896591084
12.464378376613617
12.503484710806495
13.654248928393766
12.979001960579284
12.687388109939388
10.377084092874647
11.582308030002466
13.461484366409307
13.990464874026259
15.98271176993063
13.873770510390894
9.426768990311235
11.118171489887493
11.010030729884576
11.753149854698904
12.050242010411434
15.980974412205926
10.311872386618685
11.401191002168808
15.176433588179663
13.410754348133267
12.669211067883534
11.223804860724222
12.717349131973029
9.680460493531704
11.067969542365063
7.996738583264145
14.648642983750811
15.54480226629609
16.87941191513383
16.7755699203267
13.954918300121337
13.912478137977262
16.071967580088646
13.62757204295814
13.661330306842629
12.600495062236924
8.428839167490423
14.7038766349655
12.991438904704925
15.19514326804403
13.180494927076348
12.335834400489116
13.19967294208884
14.279603136234785
12.450845198627452
9.815407642949763
13.16613236014804
12.27429462023329
11.893911704411213
11.726830990177353
8.578362655883014
10.328025906153252
14.787409059644014
9.829931773283771
14.322117790475522
12.692224899563552
12.006404891739333
14.31823279307596
10.089153788894025
10.906232391390141
14.818575324878772
12.868913220476585
12.053183931515793
11.710359387757432
8.494838598289833
10.222648533248574
10.94020159542228
11.236938863052064
11.358666587945796
11.408136602343014
13.62682126274248
9.845479851254789
11.18740472929883
11.330352963038823
11.388450220753478
10.93409640285134
13.65991027479568
12.35116118563616
11.802567781028989
11.57038949801678
11.465855017152393
9.239296743643907
13.25332479865965
12.157929948800678
13.731972670865536
12.34550053758447
11.76109657746305
11.510585644548454
10.274147548291692
10.075841246054406
10.786487359933671
11.166067973977212
11.216912540540305
11.233657456095546
11.236193047837016
11.228045520503285
8.307070745915283
9.987790328101699
10.68296252931318
12.43628680948001
11.665939430271921
11.592531295647817
11.303454591246847
8.507046245212706
6.520181844788213
9.15641345801965
10.243817072741189
11.343778525970793
9.683447232308675
10.429203451537425
13.899424123264112
12.163110978320956
14.923246243024517
12.566478927772318
11.572616260603127
10.054360690127913
10.501795829609902
10.676287363604846
6.497811001368168
8.269574289443348
7.988897570522961
9.581513090368919
10.233391394755529
13.555282069129497
8.885045887551634
6.42347654413248
8.857863873862005
9.866415873848698
10.280822291931553
10.441833806133479
11.922969048192702
15.298045338774298
12.50354094049645
11.751997032248433
9.402369767018453
10.00786422798459
11.297636705405816
10.776493457647405
6.561432122512531
8.781848720640973
9.687060074621895
10.054733974890546
10.198747939457292
10.249863875596255
6.400913880200431
6.802903496616422
8.813861466592064
9.647965083341713
9.148117549065113
9.773312844526632
4.529514180934932
1.7088666195439979
7.577296824546005
9.094852500936321
9.721898608045766
8.257100493373787
9.364227364230858
9.8222464792878
10.010473488266427
10.086825114305421
10.11687234548307
10.127891613759997
13.696923143334317
11.617745531367811
10.750727263082167
6.911513933174454
8.795319984256196
4.207467737442854
12.742697648793136
7.359245093786772
8.97463257571255
9.64608281113662
4.174430224380485
10.954420872650644
10.461645703688724
3.8728843771090746
2.004190930978436
12.802178799755128
11.213064927445963
10.545313885652734
12.694034080973289
11.14969778568037
5.630697629862366
8.191756978822049
9.25105639863515
9.684270298394068
9.856285634450408
9.919459529011887
11.488418334548747
10.581484438392064
7.84359125740202
9.043923839005823
9.533870185060128
9.727720053756956
6.188072030524424
10.11536893475865
9.937652276989931
9.852699046994505
9.806106766109412
9.775199076004194
9.750509742850149
9.728129020284058
9.706368936371168
9.684883513352666
10.33390191830005
9.206931941519663
9.857841649469606
9.697837828756386
11.547710243527323
6.011495281610051
1.8086589398459063
4.833376739636936
7.539884038346312
8.641866421455308
9.088295747515627
9.268022485867762
15.42009377248831
9.662778868123738
9.476528302065562
5.021579841409334
2.3977682378289975
3.935901784193174
1.921374868669023
9.00680974430562
9.142953051012952
3.6784997107189827
6.888048346051401
2.5903159986508886
6.412325436215826
7.994108989097535
3.3963113497488555
6.716023187795949
7.752054725632049
14.467869146653875
11.29900819600907
14.038107340183561
6.736417084173905
2.0489704113622924
1.9761208192969102
10.120754826350804
3.310764213438792
0.9698529302076144
5.611543319506314
7.539435457089882
8.336487863944955
8.662653171653464
8.7932288952904
8.84293091336791
10.411101795017103
9.509437699151627
9.130616806021283
11.276861134565848
15.31590273130373
11.542718920085466
9.968420632180816
9.310724246967347
9.035812391539295
8.921008284449625
6.13385837494196
7.700840410118316
8.353678762494702
8.624966699855143
8.73694557373244
11.718611308382162
6.161459749524319
7.704780174838384
10.400527910781506
5.729705001611139
7.515563410451364
9.051906722927292
9.43586324675558
9.04642968659505
7.534919814354719
5.514868642653013
10.583390704194592
5.765392976283973
1.8623310234260018
5.852623463775616
9.688739955111465
10.523885098902628
9.437467563231927
4.610839953418557
6.955434269195913
7.9231057009823385
2.44145786923778
3.4115431872985993
6.408765758132526
7.56266882056213
8.11807613498544
8.338624885379234
6.82939207924366
7.790439946242034
14.01117051380744
10.759921007754361
9.393547287147644
8.812456280228824
12.124287198995876
9.926747902264383
8.99914259799717
5.997918054376237
7.337555417339379
7.88325393795652
8.098149301167682
12.934415918609854
10.177437929670727
9.015796344651793
9.870860405713595
10.117053290048284
8.95261116620912
8.454918237014942
8.235198197569327
4.80984269788093
9.601567490532377
8.676581640584843
8.285123080511305
7.42320772286444
3.437872807740577
5.270465572665515
6.996144573541763
8.774657691386283
12.425194566924171
10.13795407638567
11.412939862145615
11.640949568755694
5.493800030279715
3.8330436167521604
5.86670578679018
2.4297488196010706
10.344065606640173
8.686517718916562
7.994272338236932
7.704052563608531
7.581095140954076
10.534467287695918
13.612308752387934
10.034497230467654
8.539489114158272
7.911897585739753
7.645317220959356
7.5288696771725645
7.474960985889409
7.143536392896946
11.867712576792314
12.272009302139715
7.371128636774324
7.377302322121061
7.372379862035848
6.961468700403405
9.313276462092192
8.154042746036618
7.66242616758306
7.448820442035061
12.110631423640493
9.284647539052994
11.88392892453744
9.171767695770352
8.031770601526308
11.527015809007196
12.973057586110881
9.584316943799205
8.16139856550473
7.557508976193821
6.01800468988277
6.642374948593352
3.1799305735935905
5.911972520602179
6.550534583162129
6.80432686478526
9.320700037171399
11.135975104301203
10.809445927019604
9.0121332183888
6.017764408728604
7.873561175361602
7.28277832070078
6.13673301170507
6.534315667675903
6.68725183794335
4.39046308421921
5.7686785289545455
6.33024728780056
8.974658375220276
10.551055398082482
5.938041152557187
6.351509140853781
6.499915103101772
9.952462337257515
7.988872029479608
7.158865366266153
2.8955029492703215
2.0810616939561837
4.651104630784343
3.460518762666615
5.20962752711038
4.169339090592086
8.496369986489679
7.28268761540025
4.516854855685262
5.61024819208045
6.061188481512325
6.230806848979387
9.299633913235265
4.241273865650525
10.303968741067218
7.965799808312711
6.984849743442307
10.842700600915279
10.789520822866303
8.144507871667589
5.839267251788826
4.623563698406517
4.0040876523007185
0
6.038051227430038
4.796312186496667
0.47447131009965915
3.706095730529431
3.5905681681645047
0
1.6443263782670003
2.5375643414342717
3.0302125851053283
1.3861074634070976
0
7.6492619988522526
5.822689961566563
4.864611122470918
4.369960253929483
9.901803293984202
7.090965996648969
5.607683214790891
2.037838604676386
6.6891582453812495
11.520318822957508
1.4691596035617351
2.6930648202175425
3.3592698873880806
0
1.9476877301349997
0
1.9680220423310004
7.201959536369217
5.825209367280614
5.101182978056935
6.725775067518255
5.601486918214741
5.011058226472386
4.705070171255665
4.550536787297023
4.4765975052676925
0
2.0644728597510005
3.1733021564101342
0.24965309753830667
2.21647929247744
3.2707674368689625
3.8377382281652785
0
0
2.1054594031560008
0.14700076468836532
6.663434424642749
5.670548119571372
5.141541316069285
3.9539487965822158
10.444069773186165
7.524609742121889
10.194093740068812
10.905803402657185
7.991414760985873
6.451047676401062
5.171792095564717
10.172953201442478
7.656847265245706
0
2.263293072942001
3.4792762566638524
4.130896501580832
4.4902472591625315
4.693643019131127
3.909306099645014
4.409845917821579
0
2.352369195065
0
2.3821187056450004
3.6689682469771725
10.295915544066272
7.923272239958763
6.672980772886995
0
2.4766247056450004
3.813902648577172
10.177109264108388
5.598198069025666
5.528784058067096
5.506666741819602
5.50978694186994
5.5263738806168
5.558194469663125
5.591305863965244
5.624826862056855
13.47846849984287
9.863260844561156
7.950481754048833
6.951553950517457
8.989411807805716
7.53457964228713
6.765202694685413
0
2.7710694719560003
4.262480289934722
6.741419391647147
10.360891261273913
4.572326862425085
5.271852805587025
0
0
2.8661407745170004
0.6318736120715966
9.108390472501569
7.747554132960837
0
0
0
9.864551294600709
8.191374776033939
0
2.936153779676
4.507030436511113
4.029336473998596
0
0.576390475743719
3.255948103404849
4.686677332905829
4.673971020384588
5.489968642230217
12.900807556279753
9.929279002113876
8.358601967314964
2.176144000590271
4.24905344259797
10.722505742796669
1.0041758333823676
0
3.1279368058530004
0
0.7991356604367192
2.8214769544780713
0
3.2138957992730006
4.943793042188073
9.485461009743704
3.841211283763868
5.3170337620014
0
3.2910777808920004
5.063100740769972
6.024729726141857
6.554017731958295
8.523606643407925
2.035333373882702
4.47583334762381
5.795425888448065
6.516867815422888
6.919303315762653
7.1513003666629515
7.300700612579351
11.536685283178262
4.500247649088851
0
0
2.4253057456751903
4.868042151455282
6.186032941301539
13.318415582224437
12.744590954768787
10.428846341383625
0.6842303696206695
4.01830793314859
5.8997680661377485
9.551083079651628
9.577322461239465
8.809645515068379
11.310241561325936
3.164585526739055
0
9.973614048024011
9.063294714736612
0.9416254900404448
4.263090516589582
11.574683772661515
13.018854011498558
3.0754302753466183
5.416666889079956
0.25688895873852413
3.919365533595877
2.626400785904858
5.188247167673833
0
1.9452255005554928
10.54019915621465
9.513169464331137
3.26887680681525
5.660729652814618
4.9316124362904485
2.0968150858242103
5.078377270693799
6.68378050672821
12.73994696841764
11.593095818313008
12.75320449966742
10.838161262395536
9.831692321334257
9.310115714269958
15.286929424682462
13.220492120463843
11.166706033584507
4.202373048616925
3.3148644921940136
7.954857536359553
8.426640818937457
8.696125513226027
8.85776568345041
9.226162207408724
9.166684586058295
7.630941712999532
8.37549800789655
6.7604870828673675
7.463508161420966
6.290202755812995
11.760033929119249
10.650326357903031
5.585081345677555
7.377303315302544
8.347576184522437
4.269080976728656
5.073718008535221
7.157412518300394
2.7687595539434744
5.951566511487238
4.212890760581201
5.8764868586570245
7.641971802092389
3.8553590005319673
6.582862550691858
8.047044997819174
7.323691125184136
7.719403756020165
8.67649559304136
9.19436820587087
9.477584104749695
9.634997848280438
15.567057551973077
12.895027502138833
12.804458553455419
11.433325595135813
10.70311978900347
13.318476289316573
10.200291516251148
5.441470306610096
7.513353538151147
8.620351923058452
9.21681151936199
9.536036132739557
9.707950105700828
5.320230491685459
7.460591954774362
3.608912618004039
11.10569243999645
10.464616834092087
10.367417830102537
9.074649054462569
10.85070836614235
10.608569818019557
10.486574107966234
10.343015125779765
10.374482320111081
10.406035122671273
15.892791525061982
13.380111537132073
12.054384812336673
15.656095651643312
12.044822270437724
14.133442460079863
16.682783910309062
13.893897286641915
8.844015211170722
9.742272726715697
11.434181929975619
11.449462043819015
16.505608969772407
13.908276302723555
12.537805588018289
13.011256794873681
17.78784742878822
10.028858405672876
10.513231417450047
10.786538096108345
10.946928535963412
16.63115127018868
11.936200629056433
12.92863874039665
8.439233580074236
9.763164336669613
9.098837795896745
7.982933517346256
9.077791534651901
4.642161686566639
13.384733842671565
12.477552614046546
12.004808692038237
11.024305264652513
14.640521508035945
17.35312786873143
16.87296643059833
12.753199909890078
12.203718405666347
11.917411180319561
14.129205754565769
11.443864058271117
11.306274899441433
11.459760577986948
11.543820247687835
17.69127268335589
14.878330619608704
13.379155412981206
11.326366783259626
11.494346132159336
12.144558798665274
16.749945232401313
13.659630291829249
15.108620083789338
12.527894487955873
17.216651486488804
14.651415419378425
16.416580239516662
14.22788828970909
15.647343959267037
20.28941349709058
16.41441952997853
11.808227906621255
5.621029745777399
4.267506952140331
7.909146335591081
6.287278081537998
6.5956582888084
9.482716272103186
10.74269122174226
11.980357448975722
9.557524601473155
10.823618457144075
8.581221533706746
7.915048649259644
4.735316178261357
8.30828960327826
11.039934256842361
11.703014400550083
12.072462191990525
12.06346683667211
15.834412476503617
20.444809750069993
20.464878550286517
16.841819450139884
14.91751263090464
10.829732332438397
7.594473789279137
10.035981545524347
11.355968790997792
12.077517333494422
13.297206429440386
14.159745496484456
12.395939882308676
12.713999490783909
17.605424435779135
20.22291561504859
19.78266708622888
19.560916085530682
19.260092530947823
16.44250319234276
10.312226414272343
12.311595821080179
12.768009156916381
13.02398631291858
13.164190669051354
13.247866434765802
13.300891087659032
11.23212681768506
12.239783822172747
12.783544491871378
13.078715401972568
13.240592558625561
13.3343859584506
13.38777737577524
13.358647839605062
13.40351353992926
10.15582568635063
11.697785949750696
12.601361356312971
11.674690692189866
14.303819836643644
11.621673083721793
16.35013956359127
13.623673713747415
13.69957720028262
14.17847177631096
17.366690256141244
17.811826099855704
20.30048670612024
17.314798335018757
15.73300150551901
14.900396651565943
18.500108685276366
16.39984591695147
12.796089548508899
13.378960509542349
13.701630861392797
17.820745699389825
16.096325240611407
12.110046668978928
13.074691229157155
8.770050148872201
8.337103424013037
11.100740598668356
12.588796180062435
17.234116322233792
15.889553012675952
15.186799109581887
14.826948164177896
14.650070236997326
10.42080676071078
12.330084924521273
17.88395184953509
14.718243785084887
14.654506382583296
17.312357692805097
