16.816528418451046
15.956397950050953
17.51242570018427
18.355657076819114
13.994718877585544
11.716904390581444
12.859414034433506
14.297664312918844
17.718476220205464
17.698949546025688
17.095377269828514
16.033939755518343
14.357870769203126
12.996492953928218
14.38249203715084
11.810566943913502
13.786478796899559
12.785621432629016
14.172902943448513
14.103816099054095
14.701055981663043
15.741192688465398
15.360862068194333
18.02120006473476
16.697679611784807
18.6858451171095
16.54166045645553
15.636685244515421
15.253956900849976
15.088848827955786
14.033986332226995
15.022631879656917
14.948324676322638
15.25107627238778
15.10483056029054
14.706149317296742
16.491941327694903
15.507376513308067
14.77672790222865
14.77839104291108
16.690050300641886
15.568567953250275
15.101128999276991
16.254351782895192
15.333161063112428
17.769202348355932
14.58703837267156
14.60694058739984
14.604822095676715
11.994238210283505
15.67148875087476
15.017435792166713
12.135598695027689
13.52408233551564
13.39063062121237
17.315806405656048
15.653561852168878
16.86604934830521
15.447501057508783
14.864520097209166
14.59508568894346
14.465003594627142
14.402399769457531
14.372009883731755
14.355043546572222
12.067259210940945
13.377759649194694
12.42876367663968
12.810600938871556
13.664497330358978
14.013097306791787
14.151403535703338
14.202062700943982
14.209749247940557
14.882000793246245
14.569818198399862
16.205860807640764
15.026984169535508
16.575889698944877
14.272755388783445
16.383089996268083
15.081705843818511
13.898440396941472
13.074269302991329
13.053965055504785
13.678802081886845
14.277475801404785
14.179962660280975
14.15587879770834
15.911254714642912
14.857956733782501
16.594299043189594
14.765897387540983
14.199610237194097
13.96332523614375
14.043216713236301
17.102914035604435
12.33583453560481
10.676006700034247
12.648589979021072
12.440146297189802
13.380947309899792
15.55431479483469
14.673324818670817
14.302846049110531
13.638615914747248
13.814815432663138
13.930549969907931
13.972330295123836
13.982765862598104
15.567113633862188
14.631962349401576
13.66266592487723
12.530799398834079
13.332788006603362
13.662484608930821
16.298653173374376
17.191563537753318
15.24665317049621
14.426246429531771
13.70167675152617
12.476291493815893
13.239291806203884
13.236203892400738
13.533225774994989
15.23285165751917
14.341890328599039
13.95879312230962
13.78723992588162
13.186198808621759
13.430148414478287
13.216433033453882
10.962907664434642
12.244252820171589
10.942693200796487
11.770323172474896
11.885228197156202
12.576323968577462
13.097486205123829
14.279036704726542
13.78448231519955
13.566989873850053
13.464910883065718
15.083980913419651
16.107360331822296
17.059652360998523
14.875537115415286
18.649643434452695
20.299619137759024
20.88725424956373
15.89512813573696
14.33330825485639
10.66096629169088
12.12949721272079
12.730346840675555
9.605742651408764
11.657511142684832
13.654801541482694
13.32415957687904
14.862911286300463
13.812354907544604
13.359654519407037
12.099839726196425
9.08526347633883
13.66520654820024
10.07370014790358
11.756629635171423
12.450294352515932
15.122186457387079
13.835310515804398
13.291505697386093
10.667772995663489
11.960998812504577
12.496415036577059
12.70627666152486
14.559993031927016
16.30043025910704
11.085735568618443
12.094795081830906
11.803416549854212
14.60067894989946
13.547420739679906
13.105436983073819
12.914851801611661
9.73411448162116
11.50554748061234
12.243285358533964
9.540297164008123
8.059355164055443
8.062436892270444
12.742542146594381
12.742806033943879
12.742888613154815
12.742398264050012
12.74093911336324
12.738484289235263
12.734933724062335
12.730157514101576
12.724106871326128
10.416087408187742
8.03115099379813
10.749791258230882
9.04371062817351
11.164093999906303
12.484229750891755
15.683771638514608
13.912307983911038
13.167125759792931
16.12753692817861
14.075206618526828
16.579090024674066
19.11949001076531
15.120379871351021
17.69548336323023
14.683286158729638
13.417952678656642
12.880537313313823
16.72184809566413
11.315361310873703
10.734671710608502
11.720497179961363
12.1203760003467
12.27567035000327
9.939040142491868
11.343594634936762
16.435245160274413
14.026296767806349
13.010027912700906
12.573983097180868
15.038259100348881
10.827275069179203
11.615959299991776
11.932889453167775
10.997689958952124
11.66368713691175
11.929654636919528
12.028962300006768
12.05845955299122
12.058881750441842
12.047132028988717
12.0307733715904
15.910829167011098
13.617844700257125
12.650804555002345
12.236128572390678
17.012813589647862
16.06925527018179
13.626441823419954
10.03014927473652
11.087381926158308
11.516857791995367
11.68498543480287
11.733466941597158
11.743170964751936
10.06059941212916
10.062862835295174
14.216659402273756
17.532274240498058
14.120559449105942
15.70238106148982
13.518357782873688
12.421066953883066
12.487824179833714
10.91283477056422
11.309282981959711
12.441595070051253
14.58822764721637
15.652577417667555
15.38025550249864
13.133150884163584
15.734218289724982
13.268047408511201
9.5796273115618
15.389382020569748
17.274566719819916
15.133624830789124
12.996889259533027
12.103601397942214
11.728815094723322
9.445945663115834
10.616549509437968
9.952025046694473
13.127364324785038
11.70365250920592
15.804287304329248
16.268243599909372
13.448623727485836
12.272602919583349
11.781085777645583
11.574138920120115
11.485155843616052
11.44494101416361
11.424945835576377
13.097176649418444
9.977766346944891
14.961803457215236
17.03628168756609
12.318534760261338
14.598231234278193
12.706470480958524
13.595654968938785
9.353629254023653
10.500195418591257
10.970676833079779
10.097885800925456
15.129386743479818
12.868427471792042
11.921843727948145
11.522960267317993
11.347541420861008
11.264872159003982
14.498680385119856
12.562650416072646
11.750723080046273
11.380265024216882
9.538990537981803
7.70346417328716
9.671780090388761
10.480901687312198
10.806845416399394
11.198599181769946
13.91886394400883
12.20554708299608
11.480162459318867
11.166425736471773
11.024270550544589
10.953548272675532
9.496552459381244
13.128909889377457
13.944319139911414
7.9444901032371185
9.610658067425309
10.292900591506527
15.878634436785493
8.427649839675393
9.764341160924737
5.581089285639457
8.554441971868762
15.232341203144216
12.63828942206855
11.447576400097965
16.121295284358567
18.20053553154814
13.741978313081711
11.87242588069475
16.532651829892806
15.992807051296431
8.333976416956098
11.86063254429801
11.032222327276981
10.67643005526432
15.968500424220345
16.237348340725426
9.598463115381165
14.927971916877922
12.23862193955863
11.108774054334482
15.667259170063147
12.519823103834515
11.199964436259043
10.044393846917806
16.43694443448902
16.892588035093898
13.000433696054829
11.372248469045248
12.28687258404227
10.048581532465345
6.771738156907411
8.753856860888918
9.575143392345613
16.7399075022171
16.008056767167343
19.13943472035096
13.890863259715045
11.70201504067526
10.788420574846581
10.406397468458172
12.258477549589372
11.017720295075092
16.37013396358523
12.736726950928364
10.620236565368113
11.80016238594543
10.827971254187862
10.23100421881768
10.16961287481853
8.44015615281812
4.68946535023743
3.3976697482420137
14.547645651022467
11.950356983096663
10.86326667786758
13.93016098592543
16.990832802478252
13.445831255148377
7.284720255761561
8.888726666712644
9.54937767847756
12.929141318562277
7.726470814279025
9.040470589419671
9.579509399747579
9.795162160998817
11.200004715667365
10.452182407665793
13.380846934131188
10.326666760286198
12.345090030455665
16.476862128076757
11.447379604496337
10.492701123069626
10.083987901155915
16.31626012833382
12.487979982043104
17.9824947852408
13.158397187448243
11.135761681628484
13.11775826782251
11.09398087179764
7.160217062357136
8.58634674491702
3.3390490284744176
11.86937590630548
6.05718726303117
6.653929600833885
8.322055776798281
8.993616593131446
9.247636777034275
9.340720254685383
9.3732077780054
9.380444967916851
11.658037034641758
10.30795238005362
9.733057143705544
9.15477180918392
9.228284494242141
4.243442916822065
7.163960833863356
8.375037910031661
8.856502500750594
9.045722108657573
6.173074939420046
13.76880122981057
8.532006501048237
8.866675129972801
3.3041256898901405
6.667001650702423
8.0581335856677
9.12681878196102
10.93798091233263
4.530895570851214
7.131464910608102
13.245435436244367
10.747367849703028
11.436071235342144
16.805998628640157
12.846771414687822
7.339015110962896
2.4240158321589353
6.198926076008229
7.852664843460585
8.450997872970426
12.7714602357871
10.492999061420484
9.540466825678717
9.140733256218322
10.570944285955289
9.56549473590877
9.144511314634386
5.476943764097073
8.074582246971918
5.030006212959722
7.240988275901916
3.7088124505912043
3.1997432415110785
6.477321768261267
7.842021930737271
9.04566257174089
8.032282125312737
2.655394985274513
6.241307863035891
5.479724666622382
1.7199985197364205
5.840609305134167
7.553201227213409
8.261924423051829
8.5517856526217
8.667107101608664
8.708817090507132
8.719853184747922
8.71733319271366
8.709102867717782
7.133373680105817
8.033350588564495
8.399661832774026
8.543409194535336
8.594135871969275
8.605952658857998
8.601649939289729
3.164839607631259
6.305964376485146
11.542462059952303
9.776455977839326
3.0631561039117647
6.226644561876033
4.048817585506266
0.7913712290131567
5.251230645780583
12.136263425710737
9.955346095168066
15.861212953904818
11.019760739541383
9.127995710926715
8.654236039541562
7.430043843245099
12.134628546850333
9.869697100693735
8.91304520645188
8.5017327539145
8.317529997914173
8.228038325985237
10.825327584579
15.193225040778394
8.808687274082223
8.382613755315262
8.192861095880271
8.10160182122611
9.102997843480562
6.960858742383495
13.509640368468727
10.26931396544412
8.907268156263765
10.549868927198645
14.627304063073739
15.676547759151566
11.740457383838281
9.463123856366614
6.14988581464668
7.111444702545273
7.341889317175016
13.170131126344847
14.428056481447621
10.389458861272423
7.309872946046117
7.420624461381818
7.465013493323005
8.958506768856752
13.40852685261681
9.952991258950625
8.509659630952328
5.87017817757201
6.799595718464257
7.181821032865656
4.2379014287381525
2.580217818716006
5.407220798722161
6.579342056317925
4.495442188724083
3.5142367390881755
5.770135468355243
6.702673434071631
7.08308934937645
10.199698619794779
9.574866756446923
14.199959508759358
9.841368721215062
10.995360925631267
6.7860032136643245
4.81010872865539
6.224106820146302
3.705650927797998
5.743654532099027
6.582463733157666
6.9213564852736
8.741545806525274
6.190912533853871
6.7255021751397095
11.074004054159424
14.47032681308785
10.141097045830907
9.151479014523073
12.23773896839038
9.161950594587871
7.217247126581542
7.04575001430613
6.968217543792566
6.929840139501163
6.901768639331735
12.184957380182935
9.06697551289383
7.75534771792126
9.205034240765016
4.157790481518447
10.340497897862413
8.542033521528829
7.473457432659064
10.620691294030369
8.315014426291656
7.341993904018935
6.912650103912691
7.992197959639167
7.172029863326042
6.818487235629962
4.306351728572517
3.77997152642985
3.6443047325041555
9.002825399291373
12.613448056240209
9.018286497457296
5.475982392390229
6.969152174435894
12.582273175447362
10.767302697812234
8.210133094050759
7.126272069024152
6.665741400755965
6.4653211907870105
5.722973799827322
6.056899216298046
10.219833942410547
7.917961006001676
6.953202699671299
5.682313106650298
4.525440125175599
2.737767350782318
2.9978267212084457
10.065442913680247
6.93768456759378
0
0
1.5974743307490007
2.4654077892416666
4.617768360192491
4.108367575265714
3.302840198826407
3.438563782609771
3.5270007501555742
4.787688225498399
6.747110449618338
5.341301894895346
4.607742450095157
0
1.7907837589789999
0.625385278601307
0
1.8405237589790007
0
1.8811259630620007
2.899071807707884
3.4560659723499274
3.7664073021659217
11.33543008236891
6.970335446107919
4.811965677279306
0
1.9711852526570004
3.0340682094917764
3.6118300562608114
0
2.0126133421870005
3.0960352863039837
3.6832139303818057
9.490153613441894
7.3568426027934715
5.9822940425015965
5.256624960829852
4.876634517545809
9.212196169754101
2.161744494610633
3.2415609487272343
0
9.328554618115923
9.229097529270547
5.686567235027132
5.143474098141478
4.858265596797293
4.7073100330330355
6.301226784145566
0
3.3163280972443845
9.226427111080515
11.122545968863466
8.092535619972546
8.799126050735492
6.882042420611459
5.871521595577275
5.348418672444034
5.082475640572136
5.038399000952918
3.9258450038713466
4.366413967007751
1.513929988345942
0.6386923997630047
0
2.310502804116
3.5567244793272987
4.321462265437672
1.091557013775395
6.5288024195107
5.865887676695909
3.707967509529551
8.289067316162622
0.9036673261584642
2.9273195908831564
10.142972423152418
7.888914790639131
7.263967030793421
6.3841795132763695
0
4.215254879488138
9.655445220868028
7.72357513829018
6.70765126222664
6.188524080490135
5.927649744302537
5.804299956604834
5.75340250988934
5.741165632321952
11.679732206115439
8.941481991740197
7.502082796515569
6.7409408818627075
6.341717052122942
6.142025217333801
1.8003454821611955
0
2.796418331371001
13.493995279411646
3.8527302407106205
4.887876048240187
5.450985886556964
5.761567475285797
8.605022037545313
7.470999902878179
11.07051018973726
8.794541214077801
4.299726344864452
5.196981070324672
0.2892643814341369
0
5.208124757674147
6.26355121197609
6.278384706386442
6.290444859003805
1.6655662048996467
3.8313578323614523
4.9918814055150715
5.6120540635308425
5.943895473229058
6.134397544749025
6.269252235631081
6.542699355701247
0
3.060338691787
4.707353431358543
5.599706794855919
6.082498040612119
6.346746940341627
6.501145402175293
6.596947992453737
6.675997911246315
6.732526536301034
6.777109250527231
6.815361883729331
11.051218981753433
2.573474211935534
3.249317271571652
0
2.667580680099177
13.891720982255
12.408123190797422
10.864310653716332
13.128884264124165
8.784926088098175
2.643266201583076
4.78311425062673
1.6939405776903032
4.311007906411547
14.917874436627281
11.402080448837317
9.543310244871593
8.577077083591481
8.087101688288415
7.842189950141699
8.664043532996438
8.1818863944149
7.932180465030791
7.806510501703431
8.498336982326448
8.137209043742393
11.774524129205739
9.911218683263183
1.9930451111074738
8.917337560528411
8.424852163475961
2.581362016618332
5.066350760957542
5.226756816247127
9.738372639821272
8.8905259537208
7.10252229999027
7.116424991832316
13.083464785893504
10.729544849550773
9.485924286824293
8.825148934205442
8.475379785700024
2.1255088633540993
4.909788823640747
6.399117181433703
16.005916263868443
12.325475682521201
10.363673532508313
9.318327521191435
8.76139563437475
12.473774922497496
5.720765388790549
10.771669696850434
11.368643032711544
9.996988191618879
10.407820902046993
13.905793208441068
11.394089651110153
10.06837420421438
9.375616050286792
9.020802681362031
8.630803217038618
8.653846068331807
13.074280187878646
4.887878045683612
6.703907156278776
16.114479741561105
12.728035635695004
10.938126868297854
10.000643548073736
10.262609564120643
9.652067153434945
9.367856142665886
14.394317603074636
11.924412305185626
10.61517755166205
9.96788625140687
9.639043595048705
9.479926608640989
9.395021784693832
9.38091015030463
9.38082590952755
3.524171092418059
6.2776016041632765
11.061839963951666
10.32699936341661
9.947972041835103
9.75831447046921
15.649543000242629
8.652719156756067
9.102484956238037
9.353104377060617
9.497094909912546
9.583876379276333
9.63959942398985
9.678119793410984
9.706744963848102
9.729494885505346
3.462019078198951
3.367904930466191
6.36858330099376
7.976035019396271
11.717528476398131
12.308959358693787
16.15872972683559
12.294173826026004
11.162468405006475
15.694109787310992
12.980641878517146
6.3756061469556755
15.26092481612339
12.75445595698444
11.422769431864896
13.027186942076574
11.57082817756306
10.794813010388648
15.656919689782873
12.97916969467014
11.553660585771986
16.07205446874542
13.359546551953555
17.20097886235291
8.12580914283767
9.154563592464182
9.710716386009889
10.022328774382876
12.376413900907215
11.47426581418409
10.924563439448885
16.286159232325325
13.605051862491793
12.18960346812662
11.225759839589665
7.060870375595554
8.743967778975788
14.509829954019112
12.749972481051598
19.357611618135884
22.052982543474336
16.821856016939904
14.046098636934133
19.280990585389077
14.616696911347098
10.020483232009994
10.478641535467533
6.284216274657171
4.343056974663668
7.4941330134375335
9.190101183850267
10.109415529351502
10.108111718363356
10.627080827992685
16.897554080659155
14.276524155781726
12.890842468684129
12.16424181061685
11.789358332261152
11.60189614474455
11.514155483805691
11.479412001755716
11.47220086131985
11.478599327355273
10.563269012178306
7.82759381348062
9.560796608069259
12.80722654197722
12.232547016548045
11.932794127086037
11.77903278988611
8.517503635645504
17.21623315495828
15.376345627792716
17.07577649208129
14.542686051906575
13.198244793067348
12.482661615938737
12.10263711203991
15.209628592089636
13.575162576188031
12.703241468899932
10.745804500277725
12.381458208977033
12.069247421584144
12.525800039169322
12.14837708708875
12.852392127756488
14.640089180499327
13.37987659509144
19.265088666198864
15.643858179609014
10.193032479511832
11.046222607407513
11.430924416954905
11.731545894816136
14.218257752134356
13.243596549763893
12.736258093907013
12.478781137856782
12.354864085118379
12.302365305671167
12.288265456904135
18.55697394750821
19.23714595713043
15.10256594063533
13.840254076481012
13.181846647793268
13.89097387567137
13.239957367915242
6.762730753799825
15.325328208089891
21.0398365959027
16.991030800109783
14.988174290645581
13.92840757379848
13.38080023068587
13.106134158079978
12.977003518316476
12.92529811567967
12.446940815167654
12.67661722297446
17.77689875286227
13.063568111468832
13.560300963627123
11.171601953991082
14.694547469771159
13.96931810279389
13.59550132685482
16.772496008238207
15.115121687824907
11.644500536872187
12.399612113262998
12.814974650425135
15.668048140552369
14.575062060276743
16.726155748947896
14.58248832020287
14.020699474438253
13.72776619181625
13.577531884313151
13.502387074579497
13.466663763128619
10.112969819975289
11.839542875468045
12.591524118880749
13.164889473733997
13.30217863799846
16.315022823627622
15.065118952213698
14.412164730554228
14.070094622301735
13.74528353039531
13.743158571894938
10.197873507843582
8.848864375794317
11.162074630177848
12.4066580062239
13.081054736786072
13.451522390794047
13.660190976360703
17.99861355213721
14.89622549697744
14.465500836171161
15.375718015592534
15.659828314982363
17.738947154683522
18.966462674117768
16.69509203196824
14.601916599591402
13.178382832185996
13.644755405844448
13.906546320124598
11.462461302876301
12.768431562829793
11.520443239188044
9.697336334472014
11.867927211206267
17.682359313222637
16.1585790888406
15.360628498397343
18.633845222854422
19.544457887272053
17.21408814981637
15.978445896757014
13.368717390020608
10.083393111077314
