13.244822126909675
14.468067938365662
12.443848230300485
14.132809836332614
14.834347798527801
15.123989664433736
15.24299820394834
15.766237214989202
15.500066982445201
12.98032311469742
14.326704731230016
14.88023390868435
13.811704037621306
16.759373094449927
13.202948973050209
16.094529229147774
15.571605881156678
12.548221310547518
14.073978312577152
14.6993584152401
14.94921846481775
15.042181090531958
16.591597397266533
15.703683910306165
17.040320734356328
15.867425096419883
15.367224833834166
16.603893877294066
13.057703372075856
11.508963111256532
12.084325417635744
16.303568343141812
15.892006774084226
14.793881034845787
16.54975493495919
15.552508482854694
15.126353214433552
17.63786450215285
15.974178931019894
15.277368886608391
16.243799316049596
15.072938484131043
14.894600199495006
14.77711278050717
12.576228741207029
13.79002508376497
14.285271973653664
12.601497720143158
13.769154052890855
14.245304702907621
17.656188241648763
15.84446006997224
14.76983239380261
14.377508339161622
15.447108372290145
14.884454582034504
14.640417547265779
15.331774527948458
14.808168739866122
11.915992606997536
13.366434283772275
16.194630573290425
17.69182887669512
14.97511577243536
14.689186117791966
14.478698260390713
14.382606301100411
12.585813255664409
11.371440878710954
13.064799333290056
13.763203151413167
11.971323316752855
12.19893652739454
13.523292424025552
13.924368340469048
14.694112796976373
14.408553378906056
12.267514344783638
13.380665119390944
16.60468559802469
14.999775127039458
14.505278537810943
14.295007348398222
14.20337048756394
12.935703972261328
13.629522688499296
14.845698625035057
14.41674111088771
14.23713353588531
12.216315767293787
13.318275674422122
15.756461430135833
14.791864643227203
17.023383516500672
17.36418673863806
17.963631741348184
12.979810519682216
16.96323530551133
16.790964934044435
15.344938927736166
14.592984145226062
15.145873251046604
14.506075951755122
14.23652369275956
12.699056747600055
13.476246112265743
13.485485915144714
13.793318359958004
10.792516475555951
10.77804063519824
12.644273664467507
13.41401493415481
13.72649394160791
13.848335795336817
12.002108614240127
13.107990506133062
13.564319440716048
13.74514314695038
11.603745458832217
13.645250185539297
13.751329805700227
13.787921183421286
11.513646057839948
12.517127309057486
12.269734826815272
13.118924012275524
13.461016678826013
12.169958800105945
13.04183266381935
16.01562785241302
11.682794604942643
12.79798738486
13.256995718306364
13.444458490853462
13.518768228173839
13.54595535145924
13.523568356833465
14.82904043806128
19.08593624626664
15.800170952802107
13.17972252023847
13.31498646728977
12.298421515430359
12.913762577854232
11.660292591142568
12.636732577323109
13.03250644155774
13.186183240372312
13.238957518595543
11.656717028415231
12.578832159768627
14.281276161717193
13.649269834738755
13.37472329910884
13.249232550873455
13.18622141913217
13.149496645195176
14.807922564416197
13.804665107135431
15.0631379407583
14.074268022422864
10.635945286130308
12.0263496368117
16.93723167264762
13.128678603333773
11.267224057377572
12.253971048249236
9.913256535105198
12.382202362753459
13.492016919579928
10.315606827592859
11.817722144835946
12.44018262296474
10.660358498205474
13.448197230044707
10.972139796554655
15.071077147946099
13.760586331469142
11.173672962520458
12.126790734834277
12.519876092671444
17.11011416933821
12.022868238984657
12.463745405949709
12.644692206814046
12.718385218700213
12.748674843995179
12.319377838780788
11.520177625395466
12.248841596151092
11.741395222507993
12.325628110677082
9.47049681226432
11.645839712590861
16.005219593185508
16.22569440128017
14.188054177751447
13.335672807153829
15.19197797405021
10.204491080605502
11.661511672403513
12.262562553005743
12.506930854952694
12.607217868405188
14.23696923897637
13.312900863027854
12.924366131765709
12.668223725950927
14.768254678595522
16.078620361259727
14.04696987908053
13.191749345800059
12.826085444319286
12.663960671245848
12.586650652979746
14.494132211501148
13.32898132465013
12.83322451094771
12.61638873537511
15.705232038710266
16.892966988852983
12.771422401558947
11.928324057297928
14.222723142633575
14.812747557167578
12.389597654581083
12.340475452183938
12.307546170481046
12.281258955197853
12.257885850244145
12.945725964091457
12.498717787901711
12.300734915079843
12.212450711052572
10.842693062171596
11.234614409903541
9.349332829193909
8.906125520313168
14.289383699227713
12.97658219104779
12.418075254120415
12.173864545233577
12.060651542362432
12.711811498110746
10.314386177399856
11.25084888935252
15.882455679724737
15.587018426173227
13.504174865291022
12.53500838974237
12.120083739370846
11.936349687074234
11.838210425518634
14.268075786629947
14.035485903611663
12.69210914041138
12.12380235339102
11.876142951938439
11.763649541163149
9.229013174463148
10.642426716383994
11.22266647847681
11.455698257741288
11.544227446949995
10.865178538112936
8.979504320069406
10.487179331558522
11.108138596380037
13.663724733680612
15.164836056943765
13.036741961019668
12.144009022339697
8.668398296012933
8.632744921341217
10.295017392324887
7.442550649684959
9.792018648266923
7.935283385981129
9.991876979139137
10.84646442654848
11.200145678160352
11.435167786288458
11.441268580258402
11.442556852539678
8.167171003665985
10.073188361257618
10.867144209539651
11.196900404455175
11.332840539591672
11.122991577357526
11.032799193821358
11.256443998194161
10.904898688943902
13.146178335435412
12.122486225704737
11.691449582447966
11.509466579704068
11.431264228961886
15.91130604000428
13.253628752504586
14.17792959671699
11.544768859556122
8.846100195988859
13.914063338030415
16.107090933875373
15.684916754242758
13.099916827276958
12.01830534237871
11.56315582205121
9.859969140365449
15.163333213992944
10.631925578346845
10.951373688090332
11.079304067496043
8.179067849434462
9.88651033141534
10.592555655451173
10.875664511006505
10.982560325383613
12.96573411897424
11.301092108076721
10.153129654132522
10.636365604404624
10.826284537189808
10.893954806320593
10.910731913950592
10.906236722806813
10.893932840650798
10.875666306099589
10.8559396833873
10.835813796101089
10.815472650241723
10.794946828166127
5.77092797136819
7.104503112561342
9.212985919736312
7.964956536802026
9.547799455428205
10.195409488856534
10.453328947799317
11.173409553114643
5.139905673268146
8.311285491349636
8.469169754388545
9.675246554287309
13.966381743421486
11.948636720312933
16.277885830119747
12.8838479529613
11.458596188066975
17.13031655132108
13.206971149440296
17.83779486052014
13.480709073568743
5.9536770985617675
11.061162509427852
11.667109257732989
16.725270179897976
8.920003667664897
16.526371339191847
12.865630516593242
16.924759812593887
19.159242529596867
19.670929978460673
14.151844269923764
11.845912452615234
6.838540100244581
8.787012573919917
9.817251527813363
10.01825995005303
10.098102509829099
14.75356329956682
12.065353207276695
10.943093493216999
4.094487351701505
2.3396420670154248
9.31036189647671
4.923820105255788
7.961368538021288
15.921904916999576
12.549949907216124
11.14412948447656
8.30438127773391
9.371279266396122
7.423060052628411
14.03772995316503
11.75419376002667
5.6577484558719
8.254522307617021
9.332368085240015
14.12754429168379
11.770500629355837
5.642001702434563
8.223851839790482
7.316572096260377
15.597802250205405
11.200829866854946
10.512831081976856
3.976614738575517
2.070129950381647
4.981280130772072
3.159558169512442
4.4548637436898275
7.6506022403811516
14.974245327620043
10.588191746263668
11.914143112097364
10.719579782453373
10.21108944161752
9.988390192991222
9.884740235295444
8.541133743848185
4.118414572882324
7.405137739086466
8.762905183756532
9.316594200509748
9.534882376971213
5.710291228512694
8.00728935651724
8.951773812899136
13.54572312468677
11.234578039479379
5.805445231966334
7.983716340291172
11.170801554932137
10.204236320071022
9.777921225513197
11.723909372719977
11.83424195853095
9.2603002050554
5.430262546730574
7.724984375931431
8.669049337169028
9.050126245735534
8.457518138710483
8.4735747649623
8.932559515607391
9.117915720577201
9.18925091132532
9.195785058389662
3.9083794305899797
7.3337551677839565
8.388916537993577
9.866737049142326
9.422857349363607
9.227284905835416
3.5813427992914697
5.345263898482751
7.497618589096163
6.682564692791612
8.036385352004265
5.514421397455235
7.6194970208415524
8.403039312004676
15.68642349401481
12.38697493548904
10.369058059107083
9.521891849081523
3.6087381457925236
7.466464835173791
12.645170685727997
6.407342433475467
6.417517476958424
2.291471817121227
6.122890422979216
9.590964447726112
9.159337921803472
8.977278363966708
15.450735637571256
11.595204909713544
10.624061666350302
9.582831757263373
11.150044747155697
15.104390260676904
11.438737985222467
9.910510877965802
9.272631832751152
11.430061967497188
9.902701843607279
9.263755755442753
15.959022246379458
11.781524624542321
10.037356647326787
9.306452436901074
8.997418060220678
8.863729577365959
8.802557860424397
8.771603880600047
8.75236089831284
2.6339234390461
6.181326267679712
8.426213753130583
8.580128218289115
8.636213204625475
8.18671056009308
3.0383918909436156
4.735560729330822
6.998084396920555
13.520073800657077
13.467874136449723
10.5992388646438
9.393752434208672
9.242277282577064
13.707708127548454
10.662229390125443
9.387583253686472
3.016034882943848
12.179346921779517
11.859357344034596
9.839959330933617
3.8455166958576257
9.314231031127791
8.743906817794553
8.494186197773391
8.377750352692974
11.016391176609702
4.812799810827562
11.68739380381543
15.390496134876708
7.664681000710342
7.955996148850399
3.4773233190516404
6.185835687294819
7.302002894951352
11.891593277990935
9.655052862979225
8.710897130576244
10.846376788069318
10.453512271361234
9.019553117955427
8.398294608155227
7.583188870395814
7.776363085695537
7.845283686277331
6.254186544617754
7.188274879641419
7.56622940686778
7.712536489805005
7.430959374795584
6.185862766824772
6.955722542373083
7.276130209852065
3.141111691256495
10.672996348225722
8.822037983070059
8.048982507810495
9.840197623986214
12.60561732616296
9.618418859277307
6.868291342133999
7.220131120489638
5.860169139903578
2.628614312736114
5.425943194624039
6.598671520611438
11.750484498755263
9.22258004012172
7.511932356952697
7.44347026784979
5.586319626519488
6.626077372778672
7.0511717706356745
5.71794179718583
6.655866791170136
7.038136247190197
3.9844576175528337
8.022826929741445
7.581259406445262
9.397165096137368
8.135533208476042
7.599971690670768
7.36641799398811
7.258669267726846
7.203131331528578
7.169158520871559
7.144042549595179
4.982368516032132
7.687844563440446
6.994979968776272
7.026120015806273
7.014799844413675
6.99778619914878
11.221669006903157
14.246257801321056
9.974738762470086
12.644717542008255
9.295237688757641
7.768571589616255
7.239029160320694
7.006007223677235
6.8965422318047045
6.932117094322674
3.8490168733884462
5.543057892901366
6.2362311687572
6.512629592259127
6.615458568469979
2.697069940304843
5.000996436708229
6.350257389787436
6.493613362770025
6.5475696618106705
11.971791506703061
4.538680717951105
5.6979104695746265
10.082276763446547
7.974280752320578
7.090512148199187
6.716879104576602
6.55089704064507
4.438097929998575
1.8459265421037152
4.497272363811019
5.597411453872453
6.037550961561852
5.135686656596984
10.922088732544257
8.230926181961992
7.1019629739335635
11.825622116003562
12.085556874604867
8.68983989811825
7.269570830325076
6.728469323813096
6.2953099844390525
4.896131470527679
4.7263616525469505
0
1.5744080515399999
2.422156011356744
8.692416928452623
1.0965205444066628
2.2136608152953947
1.005595928908237
1.3296004145615559
2.385643033726047
2.965162238551219
3.058687443748055
3.3568442370019635
3.5322558438432488
3.6424354772537577
5.232676223810492
4.582939792004278
0
1.8239437589790004
0
1.857103758979
0
3.7277727217553887
3.8982607800856757
4.002362451573717
4.315316990301612
8.623617274245346
3.153350190625421
6.277121516407368
10.646736193202882
1.8733919088603974
2.9924931822439076
0.9858681006137093
2.5386725606744758
0.28639728981450663
2.1839910954550206
3.205288992449799
3.7587732819372133
4.0623642528926975
1.7770088971571534
3.0199113859700573
0
2.083264399631
5.190954114867742
1.2956053934182803
0
2.1013102233380003
3.2267185383291572
3.830898833583439
4.157875435629123
4.3335818430337
4.428136110908783
4.479000398587926
8.40592979696317
6.616159678659547
4.965694760396105
0.12889245081745848
2.2408550770841957
10.931833764841553
8.032490256858452
0.3939604338285072
6.335651871879544
5.621428695767925
5.262887425003766
5.07985980292401
4.984967881865252
4.945979747682298
0
8.906985038580919
7.076607399637779
4.452867205988584
4.728419136180508
0.37061078692926586
2.579876621550457
3.774491870904324
6.260159295896937
5.769792705935606
5.523884093532239
5.176482566395928
5.2387958030738675
9.978674378019123
1.407595403712338
0
2.541585568435001
3.9126976277519168
4.659245022603423
5.072524712496186
3.756152048226485
4.629736027886653
6.2401048326344775
0
2.4554016179358396
0
11.518234637199416
8.877038008132608
7.474616982781559
6.733206619573241
0
2.7710694719560003
6.350937689485537
6.185278682480483
6.109199106344587
6.080483177409471
12.773474084133463
2.722392212308854
4.305589890707005
14.164678443729004
10.437632561217796
8.452859294904815
2.1895682863894326
4.063335671972402
5.070843007269474
8.478694685186133
7.4465629819313195
6.901136212393553
6.6146219477702
0
2.9402987796759996
0
9.063429315632778
2.575520338782873
0.6506266112234158
4.040815114010313
0.8708052193057823
0
3.029140492101001
5.406094786000592
5.945030869596916
6.246625177437914
6.421062198563872
6.520773284030683
0
12.49963044411641
1.5172707544144366
3.9654821370285442
5.646498342734264
8.286062005990818
13.933373837138808
9.088875573442788
8.078682249685071
7.554747632953954
7.2907323039792304
7.157698178388317
8.99099586958549
8.088673176902818
7.623097644081343
13.511561683954582
10.548991264647166
10.881223189546212
15.299705709609636
11.553702425967703
12.044668533979847
9.851463691078646
8.698643675012566
8.100756382358705
0.8709815563538443
7.215689431835217
7.377204370098273
0
3.558752765208
5.46527636048599
16.451331139490726
12.366875945317252
2.305026883751869
4.845859953088997
13.10296970064639
10.632512240183914
1.8143108944153816
13.443734885080465
10.851666552848936
3.5031222397310895
5.5684522768715095
14.337095854042063
11.368135943049845
9.792426342735396
14.888323834356052
11.68578385672339
8.807908106194784
6.132601803688731
7.035816057204308
10.761152079413023
5.457385641050999
3.9757068495623438
5.9006910400654675
6.930898324191934
7.483046109909816
3.1476101610220946
0.25964169596061204
1.5997437611507768
4.643688554511055
1.3506141499446533
4.623145220256467
16.152510793310924
4.653225478032291
6.21226904785887
11.859063891934618
15.46268673358643
12.23937760742372
14.542692394673427
12.330274795170904
10.612485972076195
9.711271986419858
9.245859423559637
9.013312900490423
8.90523919480369
8.864087072452248
4.035066003029404
6.29955827230749
5.581600534149134
7.1602708825579775
14.525242431156375
11.968182470858043
10.621119886033853
9.911034003372663
9.540838889814653
8.324626424895678
13.755286956002918
12.862390938679994
11.199904751202645
6.312964148881285
5.545762412027005
7.34183680371561
8.31470802771165
2.5607141975282346
5.7907986544530665
3.0734182432078523
6.148074641563919
5.404009917425506
7.35773610544125
8.41148200005645
8.984385199642123
14.152431311898667
12.067963883376128
10.965108516177501
10.385411445002315
10.084155789137235
4.771834954935555
3.354645027078075
4.8616304793515805
7.165635253879003
3.1012937451878093
6.238307467959215
12.346285864393806
15.332636054333397
17.352442366013022
20.68767134353553
15.642669421605559
12.953193299376725
6.219957735802393
2.0646988368043155
5.712949774419783
7.665421732848396
8.708214542655904
3.1201652130204414
9.868607563649755
9.88760596037451
9.900663888657839
12.930030801529057
16.806485615873395
19.026529515089535
16.135827341087616
10.236479428245627
10.280817256757867
9.382694474051533
4.406246236569917
9.520674108054173
9.950443060717706
10.675459015495038
17.70425745426704
9.484706425423726
15.407079495259545
13.166586668273492
11.986525274409734
9.174289721841987
9.887364787675885
9.918441598361198
10.315586646920536
10.543049022565798
9.187157225661831
13.5552916730492
13.8020275644738
12.48111126128822
10.713958770349974
10.848680082725746
10.935705943798459
10.997125263793858
8.987738190700309
9.987088906437684
10.534688178124147
10.841022523002046
10.65317856341824
10.931380082633973
16.086060514816072
19.554507120865207
17.893023086922184
18.006298784466864
14.919255570041518
14.752339044425899
11.009299238561612
11.221348690879475
12.107775933870265
11.827988516640174
11.687468597470197
11.620425792806097
11.592193007727333
7.130168022348
9.210164695780893
6.577209871637146
8.926831382876582
10.185534047316944
16.982834858265534
14.49093268364449
13.1634133957247
12.4622649037287
6.930896400043562
9.140215192838244
7.5658007350736245
9.496416031684285
17.775938706316577
14.945594010684525
13.436429019096263
12.632179845863766
12.204151305426905
19.225861716327636
10.988863952960212
16.324745683583153
13.067814739263596
12.554465312985055
7.692012229291565
9.69895533412698
10.782583042630156
11.149244495865753
11.581241488922966
11.824003653924295
11.966022562959004
18.598651761492
15.60695439888013
21.555177429412186
19.948709721383665
15.157360271254948
13.82581949214964
13.129533628610048
14.240575440644065
13.380295945685672
12.853433217919129
12.670697446180647
15.889882477632133
11.84277887476755
7.460903186141752
9.876266709275239
11.182778656002267
11.88889094654981
11.274422837778417
11.964633975545564
12.350467844337112
12.573779973303283
14.477560676144485
11.359176725950928
12.096186304968414
12.506339185129146
12.741666863110911
12.898479407739982
12.989581410174054
13.045620267292875
9.747402814353338
11.34268732894294
13.973684966051804
18.263175847019216
12.472723840004603
12.841552067814456
9.495851477922237
11.76801802517066
8.8326163589308
10.936538382885475
12.067566439175689
12.678737158722146
13.927539348020323
13.684130840463645
13.836428728291338
11.89957014925174
9.489663266664005
14.593918184895681
18.5963112157696
19.562462854435136
16.71592379394059
15.198254299960698
14.469211267985028
15.329374536700122
17.178518815158704
15.552567427100684
16.155606004680653
19.575150222007863
15.449288723373002
14.684061062045831
13.924466619818343
17.787326047618084
14.323897821483198
14.125690506176435
13.243981023491601
18.3202023531878
13.482723651080407
13.722569262704505
13.861863892571124
17.31178983651843
15.800188590267235
15.005568180825597
14.594146516705539
14.387338458622075
11.692937491599556
12.865056281083522
13.503638854555167
13.857603904405636
14.059858440003847
14.181521419772054
14.260688372722367
14.317636937702655
14.363163229263137
14.786202345963455
14.643857392351098
15.180007090854609
14.885217204848018
16.71607760365917
14.82679066409068
14.735705240952786
