16.324077406526822
18.70125931546835
14.17066433390236
13.76898464731946
12.544581682243782
15.00963090323644
18.143799761087244
16.9601514055524
16.647190202048282
17.93655323639081
16.295635047955223
14.239185938622375
12.50520368907045
14.874395809334558
12.193048200559652
13.919055652934134
15.000460323827093
16.805573403953932
18.787754168755026
19.665012703465393
13.941486654398714
17.06490744897895
16.370266319002873
14.642721824604747
17.508387463565857
14.78381778421898
16.489899999098128
13.349981033563648
13.710482157469931
11.543765728817661
10.567896978644505
10.212329695352306
15.014953785457799
16.13719987337503
12.376850542534612
13.714233817872548
16.679849380705793
14.183738663468489
14.814587589608607
17.430656741322565
12.997471709363452
15.119303796795014
13.54153105227742
17.152868743602223
16.10444543369144
16.091162938934676
16.509318844166597
14.13034704726651
14.058912493955322
13.088453942883872
16.20900912519786
13.902200951730086
17.210365574821747
16.160260321475317
14.41058612501307
11.501229964286734
13.442529670726218
15.358549607086285
16.829888526269198
13.09252460859208
12.199572429121298
15.35420064499368
17.408667141407125
14.849379751598654
12.409979790516521
16.346672095202553
14.692160642292368
17.09598200237469
18.028237803140442
16.73495961648623
15.568898722641901
15.696224600027687
17.038270799589935
13.811765515463055
13.332003585723513
13.00790394711034
15.280103341856156
15.477482959937715
15.616975186020053
14.802254437394437
16.00867946253954
12.103787215233917
14.007721765101525
12.936542136770798
16.45597273214911
15.187460657977367
14.780428863283905
16.59458651061
13.442447123310414
13.61634257920512
15.176339460990091
17.004110703864374
18.38529477691121
18.15426559479225
18.553662691964096
15.804958411219662
12.403221070252789
13.776128001209528
16.084295164302258
15.86658519290931
12.549233942225168
16.498235729146952
13.241283761016057
14.7336454935117
14.359275808297005
14.012278691271188
14.792285266016806
17.033476875071617
12.37863869474388
13.966655933687573
11.209383976459854
12.16082464572903
15.711923934144043
16.430129344229957
16.5388545404235
16.517648630688797
15.011011986021902
16.357862679531667
13.125934170183921
11.771577560338715
13.866450077465549
12.551374820005783
10.255479321933647
15.303317574639323
12.86774327840989
14.569939567809367
15.329430790293483
13.091188574125583
13.49931962463256
14.526137162416147
13.645906898850576
15.07199227745041
13.925885876559907
14.250752779165609
12.89387549195136
15.395731318457976
15.559019347862357
17.024862261683335
18.603113855927585
13.561071926484349
14.445748846108588
17.555389416788078
17.0548425040292
13.843596347354941
15.558182111743701
18.28000142017148
17.690308544806005
14.680875091052341
15.128135661891722
12.428277169411441
14.594511028756992
14.568152512487325
16.13628131529971
16.65630246553785
14.109830553144409
15.423700515489593
15.226791554915344
15.746212844572558
14.915230918001983
15.050672409421546
14.541688216036864
11.628619378083087
14.5642997118387
15.839362855207554
16.97361109237186
17.377474875270536
15.336196442607559
15.454395289191943
16.597063370501285
12.600571146900682
12.518411707373863
15.661308685796541
13.358720888766335
15.32192819944979
16.37821488713075
13.69267194753999
11.833771579643836
14.662830376942845
13.512763932689504
11.316819616707805
15.414012565299647
12.408481576938104
11.21083172153114
10.219680651951535
13.169060645246688
10.97238341414411
15.867328225077461
17.906718684524588
15.025650931338689
13.565141734321362
13.139955500470514
11.739443863623455
15.131080643987165
13.117855246599259
13.561572035552418
13.315782978856566
11.43626772117518
11.444164265074525
11.38222890130489
12.084316325554367
14.51157756870829
12.703316682456771
15.801696937431462
14.026907113294891
16.215682154906325
17.674758393490624
14.972807436368615
15.123933473608975
17.07547744135144
14.944890645369378
15.394083415736445
15.388472165302531
12.562770285646558
10.702727654262917
12.119453455804612
13.31130676838754
13.430720859423104
14.081881375131728
12.56881470056289
12.47799132466847
11.205921420685453
11.82665842992385
15.805077296064606
15.738473718509727
13.313307408227082
15.409872198539716
14.9254106210898
11.469200649201227
11.60688062729001
10.061640333118055
12.329938844238942
11.306129627133322
10.017407180055343
14.85717205787231
12.458435616416928
13.710483075621017
16.238787100061145
15.690160183457396
16.795261761787003
15.287000400122055
15.564508885362429
13.160912512048784
15.328384176770491
16.70918292559755
15.927227553533395
15.039653318293848
12.884786163222905
14.361076774094773
15.943559052318527
11.698669835428728
12.7937660520654
15.430471834571158
15.723537965554932
13.883207418543774
15.741299790388915
16.261041581878025
14.877811907323585
11.417349859945297
15.287584419503434
13.466067402623846
11.35267153525533
11.136085380527865
9.75278416856063
11.186089402064068
9.939901421415438
9.412612583817953
11.020566138555795
11.622146014821364
15.352611788158383
12.313043921149934
13.058959960472897
14.526871716571296
12.68747075511868
10.938015630082328
9.287796115561923
12.878426580743202
10.27364649218058
13.528428862448559
11.946359611950482
14.037131606290405
14.049772797566185
11.789995758918655
15.617998425508086
16.662405995271087
16.419970589326336
15.462349765655091
11.331131052178565
12.299463074206475
11.294029840168626
12.034461183597973
10.382568702045688
10.547303851216117
13.487146080364486
15.499543494777388
14.43751617287284
15.215908504890223
12.418456222230851
13.63250700595182
11.073950805254226
14.405052356234052
13.584176098798489
12.500932879712803
13.693720077280641
14.122227955529468
10.562212160479037
11.44781624407025
14.075527378895655
13.51458524095936
12.354154680753549
9.781405481835911
9.80020142549296
10.108677334167703
11.210682917831116
13.533889892994864
11.132424117317022
11.716589266106421
12.621730685441158
11.336360115897499
11.21768716191169
14.337725834913705
11.100138184932554
11.941672682897465
13.626534686115432
12.726845836975606
14.970639073712931
14.731997810542056
14.253790735053009
16.24468059078998
15.26100657011882
11.309316358674005
7.607073312741931
13.855208054380983
8.36535978750298
6.53031297690673
6.404039008328852
6.71122316219758
6.82725397565868
11.229556821737606
9.243494007801505
9.042443441153111
14.804990283825335
12.091338737365703
14.107208841863585
13.82084897703086
10.717390696975219
10.811853514191071
10.473946330925388
10.310850627270977
7.5380709960903864
8.508570810220338
8.252200889995507
12.500750192888706
16.30420621450732
17.125935897639938
14.7649615156807
9.591817873824365
12.722105400510545
13.646159712017143
16.62386078000226
9.965005385390427
9.787367468274793
6.362050240078132
9.29388883393947
6.514915144504933
8.973567223812587
7.205536360317205
6.277366258784914
8.393356354565242
6.576565624999105
11.76066486715099
13.638883044845231
11.91082908289359
7.565887210089716
11.698655029232834
13.140602642033722
9.83867937707278
12.549381087575995
7.9190154936843555
8.224841820049694
9.466763302822322
9.147519241087132
12.264187897303572
13.189129319071833
8.555588126027402
10.710347874983027
9.470043713055533
6.905857081516527
5.090225992117961
7.301959425233027
4.875129253696697
11.011735665598476
14.213946079804327
7.739830782726957
5.965158788460444
9.027305688357977
6.766504810114139
4.980664651027787
5.993554767552675
6.964780559593892
11.541115318382989
11.395950070201387
8.261066430977985
6.3882896938126965
9.593129869262075
7.574841795996054
12.854446053753563
9.749315209113401
7.51577363650782
13.541128651634276
8.423917369823489
10.182131272727208
10.25334431233161
12.222253370643099
10.058350882087652
12.209988606959525
9.564254566664893
13.929973910819996
12.949987340746148
10.57822500207004
6.97648989737979
6.7635226452241195
11.956900695144567
10.113856770940261
6.087036248776432
4.215664587536598
3.226533105452595
6.132646702379968
12.439905120727952
13.575570944603033
10.698398638580803
11.066205796608546
10.557082990578726
9.403698808254074
9.932771989405701
6.1467693140166295
4.557271828874403
6.8615622806582826
11.159961265828802
11.25586094914147
7.197177567740621
7.166703486275575
6.678541968699677
11.2946495755825
15.065312153071826
13.839186231668748
15.082595509304257
12.989575982231457
14.337070465928605
11.266045323807383
8.862908246301677
6.924283359550623
10.381605880649262
7.820354165450109
7.9535453073466975
6.701830729196248
6.730861434043851
8.130034903522887
5.362666347603826
6.52583181080142
4.775782903380673
11.937629497998477
11.295052851750292
6.750747573649669
11.542245887431893
12.607132099687318
13.8844584642559
10.791740357630601
8.200507281250683
8.976889666221224
8.370640686058021
4.959448054970403
6.871307405437568
5.995804188208149
7.210019107967455
10.87355300507717
9.054976876607013
7.645597680739117
8.078328064112075
5.469398445511506
9.674593514044762
12.259519554350314
12.961686417841307
13.435953485192169
7.591148616200897
7.00854006574189
6.4816280321483735
3.841413916871005
5.428753706125923
7.941689234716901
5.08025619423889
6.203011172633569
10.007301886951208
5.918100391860126
12.008330080785417
6.734325172984839
3.87723205590276
10.015810545756189
5.133187441646697
6.42396540779045
12.43281042687083
10.189089517466808
10.915845399551241
10.929119773608175
7.12049329081251
4.877601065087178
8.761913713502132
13.619999353007737
10.245062647584525
5.85446665042603
9.215048137115913
12.461426791540443
7.950120283413734
6.058192341152135
12.410115366579493
7.613091336578858
5.50878243812051
6.547420350592827
6.899834677780106
5.273404319829506
9.796643576619372
9.975966430604908
10.850676417040313
8.494278862872102
6.078116468803949
5.736198602362311
5.039848224083391
8.190885505551709
11.055246887201287
6.284286838018286
10.704995914595662
8.540385108510423
10.267503868745413
11.449592540333686
10.847328607805542
12.277882011729467
12.388740154034615
8.225698243920728
6.2092153366625285
6.282077658980613
7.463040812966676
8.834991533771436
6.156187326948246
4.090840710877517
8.984056632412216
10.615035686017709
7.636275747498966
6.460312598941341
10.5041571447343
6.024163292133238
9.50234393454693
8.915765679894232
8.530854580825778
9.380755861058196
7.156526380884673
8.729340859874002
8.498605493565286
9.208531311450077
8.820800025420509
4.7922398472128265
6.423857440108158
6.621606456926489
5.205963012943292
5.420120136679528
7.464399520428167
4.31258316107479
8.339595227270793
8.04506131559172
9.267467218422974
4.960058043008491
3.493873543062157
8.357078351105347
7.461598136238489
9.041416487999218
5.829399126745955
8.407199989758015
5.475545856454908
4.310559533877041
4.896902065948621
5.2648668240675205
6.409558750782709
8.363885966928324
7.744099642978341
5.510025577369036
8.358917422643662
5.003378687621078
4.817844762105216
6.96289906973505
3.646454395995961
3.741760914221878
6.816082112484542
6.25623219953032
7.635433066415963
9.483976562095997
8.413347985975992
10.053795142486806
10.318760329343643
11.229423662198123
7.195470723858735
5.6260573514437855
5.643407490827435
7.202198261869535
9.465019379795645
8.635736686741916
6.044196183007335
9.20734567579711
7.8737910449299005
6.703337819364109
8.106136810513455
9.154367354603341
10.597098987584639
10.511681678008182
7.22130839931194
9.027925828692615
6.1060887927869905
3.390042900656521
2.452880945103563
8.012873096759426
8.155430605693267
9.359277455537713
7.4849087810889285
4.870108466922645
6.82221909530948
10.279646472539635
4.037361002606082
2.1984791830161963
1.1194958777091362
6.184865635486125
3.2693202332770896
5.321914167866043
3.8446083043400856
0.14628237679231892
5.839873545895808
8.89374271919643
11.101719770558127
8.35766342233834
8.822313797566508
1.660067590357074
0
4.524046649183668
5.604401014553311
7.097629388337726
5.097960784766672
1.1219609435258415
0
0
2.0521142064670412
0.13306646619264395
4.186703097618578
8.61397007714439
11.439574623193952
2.8333305869322913
4.667256073786183
8.358396879036942
6.172987422261567
9.623393979120992
10.350375318349215
6.585607871506214
5.149499438349275
6.193132206060079
1.8085640513091072
4.879050885170032
9.226718355292743
1.6532693203463085
4.5966561236634895
0
0
5.198514298085357
0.32630283335572496
0.20675151471172226
6.898646201706086
1.022056712504953
0
7.363933325524394
8.93404094478838
10.451564830243022
11.600111499733309
12.43881615256312
3.9975676519752676
4.672215404531837
2.1183462730767073
2.7938804535583923
3.9558915590466968
4.027866606511772
0.8179022804161318
1.3679285270694326
3.365354679682085
0
5.248770568243461
6.159218780067927
2.7150745765460753
0
2.593532743959938
6.352037633470792
7.47026028056461
6.2799386951425245
1.4955796647111192
6.721063268229796
4.235579111312216
2.699327366424202
1.445248793140371
2.704687445835364
8.680981206899558
9.18516870453389
1.4809340040159018
0.08621922108902513
4.196171066693803
5.167256855426648
7.729350485036636
1.009864085987961
0
5.691996690298357
8.40660389258287
5.034326859463293
3.5231274322625454
1.7801993321032241
0.32086355848849557
1.4618936774816795
0
5.818616265984368
2.95861629161276
2.663962314788929
3.1939456228868766
8.25210293633295
13.957392518956208
8.306801758071536
12.78740815606906
11.108840754769673
5.3269552679998835
8.783961902229105
7.373988641454527
8.944716280829503
8.57155540391613
3.215458405109861
11.654223755063425
6.364963253738772
9.944997145347093
8.597580252041
4.762988149095007
4.083392803900313
0.5967492336475626
0
0
6.457911663630655
13.034012528719835
3.755067400894113
8.060612210711467
6.005117485653286
11.576056687022252
16.058777523444448
17.80367097306619
17.54342839055049
8.44101344690181
2.5104327559354456
6.8430738292033775
6.855494212039858
10.406256925218553
7.681609015322125
8.418057497018252
10.048962491477162
13.940415419673872
10.452871062007056
15.681343844459338
14.403985172794014
10.199682291315249
2.392857489641596
0.28310783893096847
4.751272836364358
11.905354352429823
11.104650318709776
8.924512699322186
7.096805947398821
10.219354203826379
9.452667705514406
7.971720365254708
14.001204808007572
16.419302751463928
15.822131881134236
14.160210503493024
6.624049437210662
11.871944129446552
10.071860972137044
9.13694321895269
5.661337872107085
9.945541431048566
2.5871424481152943
3.43029809007011
10.146439463960926
13.064429970578919
16.812445843077143
19.09790396027305
20.19380157676636
16.981388169339183
9.83736598143889
10.664640359876874
13.43058593752467
13.556762520053246
11.72953091755749
16.614635668730195
18.686142934128235
12.725019207329328
16.35495100586187
9.047039422429679
10.0524536369247
13.594646143618677
16.303927653897155
15.303379820270033
9.060104502808588
8.59019823490517
11.200307353026911
3.4802223640879397
11.064187989346983
10.078933102009342
12.956118581116698
11.771092800741805
10.731518754300478
9.187193275393954
13.27476156944787
14.789598315794896
18.197237346317813
19.48569829216113
21.004028434925694
9.99161942200156
11.613108460334828
16.846829334683182
10.946683745331018
14.616335185418146
16.861974993880494
11.817063212810277
14.99138280512865
6.088701740903285
8.157638874157072
14.721034929651443
16.607666854247093
9.332457721882177
13.903861675468844
18.80994498697141
14.778840272062164
10.46830204869873
6.544211547203856
13.282460902103079
8.037329830017592
14.24696702070992
15.37876602197078
8.389544820746519
8.987413827662955
8.214874027727781
13.504954379038164
12.545652608939857
15.544557413148624
15.359750009989591
12.177014828880449
8.593011456596347
10.689311605928946
9.221990842388514
11.347651942871952
8.396224950517082
10.62817809144605
12.428555551766358
7.4040619843881785
7.629164628815795
10.854555674843855
7.287877435351377
13.684662051589289
15.106957587120139
13.774666556049265
8.474192369894842
9.348222216637936
6.122928292804957
12.004197219594737
12.348250619281583
7.1381359642019975
6.257736812581795
10.086616588810958
14.729280216497148
10.214518518241052
14.600753459190177
9.253954676286138
10.398250907095942
14.007718811552099
16.63419775544095
12.74156235710499
14.863586495350187
12.102752432648863
9.434608130671219
12.258758087209777
9.683156389997922
8.722642849471416
9.41624052921569
8.994274812636755
6.186306876431928
4.802643981074468
12.071871944931521
13.66746888613564
16.332099850898988
14.072321533526617
14.08061260812794
14.699917124123814
15.645302735761822
18.463139932402868
11.190346871203255
8.823795777449666
9.275050678916145
14.02732964672223
17.67788667727534
19.341666071688174
18.262188702416164
14.004980857670528
12.840024346064041
15.523110004538172
18.568500796119928
13.714362924096681
13.23714719666221
15.095165882129312
14.10275323817486
10.689951365648149
12.77904422174986
11.109759753881553
14.728118433624598
13.075019646232828
17.10130822695589
12.968245441909318
11.27496806241464
14.879667989685853
18.01412909207799
13.803323942248774
16.861907077236957
10.411514934269421
14.571509481743
14.00174519447572
12.606251796921118
13.367341507265506
17.97656908501854
13.848189148971851
11.950553538438642
9.943821230556775
7.378936483085486
13.106073555688685
17.463061753875404
12.601656737026525
15.304644130989015
14.95039145396457
16.568447598201157
19.338837586677062
13.324108352242185
16.010148807147395
13.04849321445068
13.966941486827585
15.357333018297815
11.404472696925888
8.996871611710523
15.906800098026268
11.501253581214685
16.55733775344921
15.76492838506533
14.349509294597343
12.907595535185578
17.845471542970255
15.996743427079586
12.92440367244319
9.69892648172825
15.68361162000225
12.396137734841986
17.149555039668737
19.299962444560553
15.665660189463946
10.643319654106916
8.477172326703581
8.93441320576912
11.291413105763624
11.665081719495777
14.077906559016824
10.285615402207071
9.377272356927172
7.1278914611519895
6.144933121207222
11.62734611139181
8.980232455682463
14.666686799197729
12.514503753486864
15.909165877633338
11.477672551862234
13.58033071510292
16.756000865566605
16.73270925510116
18.62280283374496
18.59186991705024
16.947244884751715
15.096568341277816
17.208919523933652
14.654148731244124
11.795578719992061
15.034383219269694
17.528377719945706
13.891760837612752
11.207125489951421
10.99384701288168
12.627263037653137
11.843107850552961
13.998012245938291
14.703691516458024
14.409066655168534
17.879115907989497
14.079896841825272
12.661057737091216
11.983764646355768
12.082329781340212
13.873053816681782
15.659659635929156
16.91608949937514
15.702937623416755
13.397482607497135
14.510842116843824
17.6833921170982
15.007932263055435
14.265482618941034
15.475812408666167
17.037541488851257
13.280443318346581
12.266522882051692
10.453515880581747
9.119254903063155
8.116200817928647
7.516532706961225
11.808871576455449
12.526770104404989
13.600278090430681
16.070052376469157
14.533068078952716
12.894718988459832
13.993209230534639
12.253143246906713
17.144995057029636
18.636631276887528
14.693630531843967
11.395771898822378
9.498323526589768
12.119486297139481
11.193327144145764
15.766376847033635
17.01399581099826
13.018049584341696
15.803608489381778
15.494909341734651
14.138908656060797
12.224141362203886
10.765491539197958
13.690848362343676
17.069873718684747
15.502052548816248
