14.359999437736747
17.696769078214267
16.046820273169406
18.023879183518144
19.217148523838176
19.03048249052386
17.958699140917354
13.533958919261003
15.157476143790907
18.308103775830997
15.396126121004169
17.39948057428773
13.449980568433691
12.663259067735641
11.953883661752652
13.695356491173754
15.217343129220303
14.043044604852692
14.597645606401693
16.120424638159953
13.270712247442711
15.793081366084351
14.227785510547141
11.703301647469429
16.345550724973325
14.175224416807971
14.809847210843666
14.014335319532556
12.932984551697395
17.111649152368678
15.802957514566554
13.448113457406805
17.231579968182437
13.339689050531273
12.203442170171648
15.564583674921211
16.954732972379954
16.09685248349192
13.255035448061797
12.067298023238866
10.576501183878719
9.955168881102145
11.265596734468698
16.328526211810832
13.96237207332116
12.593735702438803
12.012978102950925
12.752879054159957
13.236842984348813
12.497818981351834
14.908557499991677
16.95744241425228
17.429150655518963
14.266799289569786
12.753305823941508
16.14433109572888
13.640759734045107
14.076719791636723
13.566885476502279
11.112634745556687
12.801004255248744
13.930286758007686
12.411927130097677
11.588864853710719
12.167676918522153
10.84999500632408
12.401695299356708
12.792484036106796
15.366695111520084
16.308110918305296
12.0419698122433
14.970789113701613
16.79800148165761
17.804942139184284
15.306058530926908
12.093942464623542
12.666548220192839
13.272060854785076
13.14748456430915
14.455433836744774
16.732434407325353
14.638083272637235
12.707016261870914
14.255127630167161
14.834739584556054
16.930659124945667
13.584210538657286
11.25858969559744
11.839133742692198
10.219377327832426
15.311315271236888
14.331490558325132
14.294670799716913
11.240052049036224
14.184038326173512
14.356253833313238
13.970233595330498
13.932944926651395
15.529444284936362
11.66612128141342
13.527765195973915
11.076142675927372
15.323273031122092
12.934365505915554
15.408085664838497
13.084885475657485
11.490916999742238
15.843855666174258
13.619473715149406
14.421692237470804
13.817763923816651
14.860247449506158
14.045889201589137
15.053676529757057
13.298441736183312
16.71785984565571
15.652616842276382
12.345863626970027
14.803195222848089
17.059946283245516
18.240801046992132
15.490520554963044
13.712928721601406
10.914189712824198
12.899383174984083
10.985984257966221
11.107132047012758
12.200031776877033
13.99624967629562
15.539463354800919
14.192199221656814
11.888551581277412
12.475306840025114
12.219844562587266
15.45867674518952
15.53418926238604
11.957555469131817
13.199844877364082
16.642236366715608
15.19059257783734
14.513115526250473
13.179548170409488
11.867329292640264
15.59654887394136
13.413860925770809
16.958304579282746
18.179370249178408
15.679818051124297
15.97255339604754
13.575296987094145
16.96860337014378
13.110818490035582
11.736751861427258
15.19001128727534
16.12894169285311
15.46991317954623
12.310106410698603
12.573535504091348
16.590283689080294
17.155472422266758
15.418758381389464
13.951389156871612
14.920543303382974
16.844125965191722
15.801993984582312
13.219334574793203
11.462708365929487
15.24711833077707
12.106778119936093
14.399396734651594
14.063133277649644
12.940894000107486
11.858131344073563
16.10343805931319
16.581539130680447
13.349238957133316
15.911079621952016
15.260866402674237
12.599821851585656
11.97620942948257
13.792651116924489
14.057147647452414
12.448319990863666
11.041169301420847
13.266713135369786
13.215031677775261
12.030934069372707
13.98380585379018
16.08225328599004
13.393773360227675
15.025840939871768
15.21657245744034
15.540187351059924
17.264084750736355
18.286413288783177
15.468120701660894
15.574916099235338
14.02505544959986
13.497499035867335
14.678382201401874
14.6138774987309
12.56244869071412
11.461415218333967
13.07462812633463
14.962551095652318
12.932162111688838
15.626682239432503
15.702230391684148
14.502842720839602
12.77189552183367
11.307992556319212
13.808129019238752
13.12755044723559
14.730329914313876
15.69388450092625
15.718254047805084
14.617192163339466
11.823838378727606
16.215297498538074
14.731466196917014
16.732353714528205
16.759637440458814
17.310160532005312
12.634548993737102
16.362649459880352
14.356245645411397
13.935875318652016
15.277277858086045
16.985964766949124
17.379837668912316
14.461949811149056
14.885818728263146
13.282861896799165
16.584879783505603
17.33762253757127
17.823265821607507
14.710814421346122
13.768979360155345
15.811209340133967
12.91965111513314
14.883861725946002
11.225819487472316
13.298721762875669
14.762444362229148
17.134481692591567
14.013579679847128
13.252372225942132
15.615228121928302
13.530221957631616
14.118297889623358
12.945708656860639
14.148146252380144
15.73968201320515
16.64238023194569
14.505594258153566
13.544166615598698
12.58354641584887
15.048738744224568
13.742511291198085
16.24750105160967
14.71365140778458
13.57641847138154
11.748318287962404
15.01473588847562
14.471240373632273
13.563943453731255
12.93392208463174
14.132074248326544
11.688758653427826
13.661092823709161
11.663397297283234
11.07056425101871
12.103543839610584
13.447138873136176
12.474138784411629
15.245988348823612
11.62720222610583
15.132268314745948
16.162276048328852
17.078378593410772
15.01123312946079
12.190636279219138
14.500470722235796
16.74722131906674
16.14948584711353
15.410804231102706
16.264054087673514
14.660839390735674
13.07316629912632
14.91661835951481
15.13116013385628
16.991120300372994
16.66160805494968
13.641738008147133
15.926490555118558
11.432451187978302
10.903055015801346
10.370924649541957
13.507107804055043
13.645150609331328
15.102488766694837
15.947224814698973
12.62200616795407
11.53485375604392
15.294771796684001
16.233484890750617
12.705615339944389
14.71754116263139
16.21952657733726
11.575602323725413
12.994461550615934
11.62322190088952
10.61848448823029
9.25020061055263
9.347410793323345
9.198975945695231
10.716324809438149
10.297715657256283
12.436351369243537
11.053284843392078
13.279108160371537
10.158369340444509
11.843619405344548
12.901386902393737
12.413255661981976
12.443026992319957
14.645616660709052
15.184645303457044
9.338675151089307
13.021610723583127
9.99263832148705
9.089982954245947
14.368383123405822
12.468768469579505
7.299433240065191
9.220844759585015
10.659766540102506
9.76113623804762
10.953897521254955
7.89733308866751
13.49179682650084
14.1451007188569
12.26914998956557
7.481423363653317
11.605639487309936
14.061631804763111
11.363670070471343
7.801953489900213
8.62912437997089
11.935749549749987
12.931518389705406
11.29230145089701
13.478351253042316
10.932246294535005
10.60489088600647
7.765424667612031
10.010320080113129
10.844106822120054
13.041059195277992
14.881584428104532
14.344183875704994
12.16233017979177
12.361107908607721
8.629051306362939
7.253558067300503
11.876531484769416
11.196306721610798
13.136940315410186
12.919130478356081
9.480347575709459
7.30095188953075
11.963674640459441
7.773691503581571
9.09138560834549
13.354638321929123
7.326898349726877
9.273319337630971
6.832555886963513
8.422356525718698
11.964253826178748
13.996786310080147
14.006202160471714
9.270437921179862
9.43074734085705
13.118645765998359
13.910577112843683
12.007439468156145
11.767752339157742
11.756536600931991
9.23942948314169
11.436962948801964
9.932333097015253
11.52918914242371
14.882634628285613
12.371650771504797
11.411305525209313
8.309529731414186
12.211065137557988
13.82863877282091
10.499830493097216
14.770609451415194
11.339338942017266
12.222702815689816
9.702035446471204
10.592759544485746
6.216211519247188
7.912080626855422
8.515141707795491
10.89213675764612
9.456593268621527
7.175451651154291
10.20805398677425
6.072523753395889
5.452139504384919
11.591065173449953
13.67226258879434
12.390568734693442
9.521763959041731
8.871008994432561
5.614850563207673
5.360101561230855
8.306666560150843
4.970024988632151
9.145540935405274
11.528108854215214
12.776052869273364
9.926148038309917
8.354258862957916
10.386813751756938
6.025539622546859
6.70383929912305
9.853986169001512
8.553367713740354
6.605902227855189
12.563371769853477
9.832039767379932
8.780882756152288
10.75214903521508
12.850869314359304
12.134839195572695
12.382547430714013
13.961031755836721
14.14347952022834
15.880852491697416
9.162866050111566
5.145280254520267
12.285692384165028
7.727121482372702
7.861437158570061
7.722883348328532
10.629364851783935
13.876240609831619
10.855728629160803
12.841165064631168
9.85320317998168
13.803328373565268
13.0278591485902
6.7533472867337965
9.334731153986864
9.011679828979776
9.058139005541488
12.881922408355944
15.21490520336219
14.326126173116437
8.472343849588356
4.91593376392721
3.0602097974390805
5.257453821300123
9.701246560828562
10.43742392575547
13.43780216677311
7.803267868667441
12.329225702169328
12.543017322820477
8.45122461985229
4.608596969881743
7.9293019946296
13.491378816853953
11.626471236916519
12.890488170012809
13.135123983356786
14.627035630987463
15.43038934988933
14.83176250408891
14.856076163833125
12.81712489351672
10.847328875876082
11.041979939528737
10.18782883134877
13.26178100066784
14.999975499443309
9.492867054714106
8.304705092425241
9.84450791539009
14.007136661447884
7.465163252107806
7.516555157650277
3.9988559465958833
10.688769989983992
14.488629820752127
11.974667207167972
12.681705145947625
9.435550934081563
12.35030496948798
15.138448001547438
12.66604153261679
9.673342925607853
6.463980093264092
5.3935908479656955
8.651434090922361
12.505244142972836
12.42718416545558
11.73234762870936
9.479704709760878
10.943686182409593
6.9895330852052595
8.112395903496948
9.921826886335019
10.324455506189961
6.213736056392339
4.6234713511375425
9.703659441156441
7.4746330271562025
6.872018738257584
4.983649954313462
4.0491563751100745
8.79372145308157
5.280215663287865
6.450829670872737
10.30042093391416
9.319745472324348
5.78481905829401
7.211790884158823
10.367935829607063
9.843673110860669
5.822145720925425
4.744583033579632
4.2846612493814416
4.803011143479224
8.404054898819377
10.175058861610163
6.308330486059825
9.909629797595883
6.398170322595686
6.287393689526626
9.827865808816162
8.998599763087483
6.145022787383107
5.223369246422038
8.559258711100847
6.22062565435762
7.204658283985264
5.442605727507948
3.890447634639016
8.045470673644799
6.250032787702629
4.005790652729533
7.533054268462427
5.0681619830860285
8.840990607053149
7.967378261258148
10.777321846060369
6.116653776844147
5.926462054490087
3.9425665499509366
7.576014960817259
9.081087073223255
5.771971153106138
9.800559726772626
8.490171834944661
9.82964150473456
6.179321685827972
3.564226651594217
6.120052465775164
4.194844341210773
5.34530884330054
8.996023561815145
9.760885683915284
9.119871831468904
8.8284651301645
7.543661221422038
9.569047438986228
7.963243392293926
4.573729012070197
3.832353573333932
8.392507560969932
6.7596989896935735
4.848280094572264
7.62808581947543
9.315749976034468
10.412526003995836
9.367360694736742
7.090988599093004
8.431847142789687
8.910425534667757
9.706897248299175
6.573278938673044
5.593807631231516
3.4690137206170277
6.7758818918560095
5.439654414584648
5.006490808309545
9.147734726663423
6.799229628107716
7.829206044042035
4.9296533647177965
4.596279372488956
5.603073970105312
6.7571314143425445
9.6658812540111
7.821486835501462
5.220067932908619
3.7251170659553656
8.162168793541955
3.97596950603857
7.707612283818335
6.54615357801252
3.8201720319089443
6.943380863243561
9.05120301493913
4.439415550437845
2.9863832894209135
0
2.827955245869009
5.716432461678473
5.247103958261262
1.8611154952007305
2.1999026745026677
3.513537442422148
4.4549582313837774
2.7223933089207675
0
3.302115162942699
0
3.5589998582974927
8.062089488640659
5.6427469106772135
0
0
1.9526342064670414
6.724346367283447
2.648348753674173
8.028910934096345
1.8023246587849817
0
5.54027793360684
5.932600000345826
2.217870716562363
0
6.0555103161594275
8.174456843060131
5.829459885762547
4.252649589885867
1.7317324577126194
1.1773841601812514
1.4552494673999963
5.6648966762382
9.271585777223029
6.029727854872282
4.871970984996407
4.150735203374744
0.2864619054666253
6.67211119682111
4.799239116786716
7.970956795437542
4.607148452581269
7.656888712382722
6.476512074599358
4.838760092474086
6.2196864833189744
0
4.659270292436872
6.924563279193395
2.9610011498684257
8.389564901202704
3.2984580622120054
3.6207188667387813
0
0
0
0
0
0
0
0
3.310556480955216
4.977732696552022
8.467495787888101
11.814979926621692
7.645852703746409
0.47303597137570197
2.7334233277331155
4.6263406801258125
3.1737860696728273
7.025418141138882
6.281702508657748
4.436517763985158
5.492016662411006
6.070276296960039
1.106080341969256
0
0
5.903254059167047
1.9801325603060884
0
1.8997362792627648
3.1542293789831692
5.0798992758658414
1.5089809001736696
5.357052793102059
3.1494923541585718
0
1.092794361750789
0
9.424306973217945
6.304569083581313
11.457690687792647
6.604453338969801
0.49899330290078137
5.018147532838794
0
2.452744505927649
10.849870386856939
8.676727323276797
6.577501488396432
0.9800267447761186
9.026214913819054
1.6305672572624843
9.12455245202092
9.324479611775015
9.713382592907658
4.355749363398454
0.9659043018896281
8.685109832633536
6.821511587366617
5.290529281843474
7.338476713657331
12.25460059155921
7.264570194144639
13.178852276476238
6.407016711713078
0.6206180117155942
0.39435519708794153
9.254267458802929
2.01031110127131
7.673841588602455
4.710274002956487
10.613012534970382
3.707865532618265
9.444472481809763
8.72910936065834
13.669914756048662
10.334714383666071
14.147440707136301
9.664641699365433
5.1023262823340385
7.572588321127524
7.1353635410141525
5.55489762096537
0.9298712870593331
10.04122078528052
14.645340247743487
12.762710974847005
6.466683847599718
13.870655169475443
8.448528203526742
4.482374758270084
11.081581163746575
6.4472920651131
1.1330907763482747
8.789790107524382
12.211193230408808
11.059744349468506
15.496090369747625
9.988796386701692
2.441249986563804
6.4586332379895275
1.544608876334994
5.742851307183576
13.714719999585391
16.361421735297853
13.037284181545012
7.062270635534203
1.7132620540129748
0
6.811823099240797
9.909953686217973
12.394009820205566
9.92393357840134
4.2654513587628795
12.007089198915676
4.993719693342046
4.121035256858961
8.022579789768308
3.177023152556867
7.2691144089398545
2.1157814827156596
10.396276291559165
7.204556279924044
12.448931466870413
4.914830295631406
8.657020074832714
8.891934469149957
3.179229007039199
0
1.8415798046655025
5.5504495552275905
8.214082538142666
7.189992641646431
12.36100305633205
4.918345779334135
0.6769091308371911
1.1363068479777967
1.110190544981167
10.213059034638896
11.903815535515967
14.996466877133836
12.578970066600265
7.629655508419973
10.989622091767837
7.4907050747955335
3.053025746720965
4.78134467382924
2.044657721124638
0.3270882754876041
7.317025024600554
4.395419496995212
10.471164758527014
4.613105116110654
12.932115736704304
8.407838711255774
13.085789709775737
5.122588887211971
8.238160007842101
11.687250397147913
10.280038127368204
11.85997598988704
11.63195276457866
14.104085146161257
17.316409454506747
14.086329208943152
14.177687801228245
15.641528202098662
10.028402578279282
14.657581473375313
8.043360052617977
14.012893665206182
11.517860868251457
15.096037597531726
13.921501549803196
10.41046687838064
12.74578418814583
8.40928756083418
6.406812296494989
7.547545954851164
10.364882683886588
6.882980711679143
13.827053375213525
17.441917143922037
12.885454284728628
12.260573834236855
10.83560472720766
7.684850614583441
6.010776628682159
10.319682397628851
6.830432537390578
9.969759828230185
8.752507478282585
13.906889959037773
8.767674033184381
10.422852873011148
13.205774330272975
15.892196409754106
11.932456033300749
10.220780992303977
6.511396680980923
10.132786474584297
14.663770128816367
11.288307007540372
6.990511325236628
13.090733424741885
9.854591601890618
9.230133043069968
9.999885425895053
7.065347905147296
5.213485144203986
8.635552988647774
14.964721383488552
12.554403339763365
12.082385747084086
16.6409492441103
19.287980348217356
18.017533616201135
10.2608663848494
9.733702926683772
14.163362292663034
17.94118778665366
11.879802614493828
14.355762066191133
8.69892047014937
10.991215652352535
8.433388779875617
14.077768143466379
16.605792229779233
9.877619182419544
15.410190141019992
9.685678423305353
14.93127828452192
14.241166532952857
11.889864326815907
8.552084788645097
10.282735869156376
13.518691997772198
9.76470177097668
10.273454389825464
7.2615790030858225
8.765099456489033
7.782145837713157
6.87090223869361
7.996019459855738
11.606508358289897
15.843567586960368
13.62080797904936
11.94726910082287
7.8684813061252985
6.101925898304415
11.264039553343723
16.824794048340877
19.50022169943305
18.63744443361383
11.39027332305412
7.53007892376646
6.675384283496784
5.325668860216968
5.6095039085422105
8.662899619778171
11.29344985506703
10.501254314357595
14.581698148522612
9.167684508724012
8.978143654734222
12.682287172030797
13.368697951909596
9.938622128701395
11.106447784618547
9.632599491113805
10.54566288062407
11.33372189531005
7.359186514625354
7.138036476478263
12.417179239505462
15.833603038402948
11.775479561579987
16.909993570818006
11.563580932424184
10.921474875057807
13.888291699507462
16.48284855018315
12.284600651201337
15.951578165746305
18.920116701379847
13.323857988549591
14.247651421756329
18.750605246186844
16.971080903842697
15.935745579163424
11.501030514742602
11.846772078694396
11.846349228212201
13.559753349865296
11.691968195691212
13.708241980614968
16.49880833153068
15.923435917922168
12.236973644341878
13.369549003983531
10.211573905279991
15.474581589758264
17.320275212333467
13.420017260721567
14.976694627647493
15.221132405158995
15.519618744606426
16.751805224105627
11.693846762262263
9.991921683010046
9.341292645962005
11.792287191936092
15.672031592227848
11.646725931584157
11.020498375897617
8.737611618504468
7.832678685455069
12.564836155718522
11.856737417190299
13.82952132266868
17.081973213933697
15.426949145058614
14.929818505827104
15.351754329789989
13.170937545281895
11.863239961491082
11.92578238816077
11.20992027850525
11.81284167067547
14.631017659984833
15.761012144420079
14.78143678641915
18.182256207012472
19.923562515411422
15.875884539448432
15.003636925928923
14.476774586954267
13.146030155915337
16.439842508732234
12.412223040310543
15.704512188007282
16.264988213270918
15.669287954646835
14.8336982052585
12.437051646370072
11.168810601127207
11.408170183105373
13.960874830253612
14.27848301285286
11.140844754634372
10.081317963774158
10.206096948423967
12.471484606400857
10.825776999689754
16.295339144629022
18.84935780888838
16.076506401007617
13.780100877240328
17.922883652197008
15.998210219296332
16.492931794699462
18.731356922051383
17.903032123332906
18.0786895699039
19.0168059240843
14.403589584081994
13.013072833730815
14.021408639832295
17.592079103534907
12.950993649223374
11.387459447981497
14.483126456483452
17.063358574283853
