15.274530935695601
15.313847598986758
13.584449344604625
14.60809832066315
15.741207002290253
15.501877894641549
14.792214631177838
16.649995417058676
13.045030547236713
14.360346282580739
17.16708771202165
18.448881195391245
16.589698623923134
15.806192429775972
15.470465461339648
16.02994386461055
12.900993239557728
14.230918904464506
14.775158399962361
14.991540157653517
15.070970596881423
17.477974902573912
13.620477854431606
14.46561839680685
14.806152857331815
14.936447342063769
13.353311644346782
11.185470886807956
13.399135877993276
14.3159449077314
14.675769004570075
14.924873973548845
12.623086152280209
13.937651011197964
17.159088534857727
15.806417793932415
15.23215722435964
14.982424477448262
14.867657072725493
14.816281228257115
16.0389228134935
15.297243129355543
14.988067945160056
14.816060790125796
16.460356859716438
12.944439908366096
13.932916631064954
12.528794740610628
13.73885872131965
14.232680638241899
15.555928990522192
14.969282040027798
14.714822392564384
17.103636920766565
15.58441273196263
17.206996635444685
15.608220820921801
16.479570342893386
12.463156777942835
13.234748139177817
14.744498578250077
15.714999925448584
14.923273240510825
14.589057859119661
14.445487437916363
14.377149020486549
14.340290732832347
15.564644322526398
14.819504119088752
14.501607285555483
11.239291617420422
12.99555870494229
12.274045958533208
13.406344671377989
13.875636211940808
14.067637729972937
11.803132227980344
13.19236717039101
13.516998809152536
15.024419579610656
14.520119950593761
16.57073355252068
13.88890480940967
14.03414755956741
14.200855167850236
14.156711191701195
16.816512787545022
15.237979372405611
14.579343519459819
12.199124734688656
13.311112171135564
13.77354039994259
13.965581449945677
14.044960259425565
14.077724263835034
14.09088678807526
14.096162074118562
11.37114928440873
11.372620653810909
12.938869013559806
13.590374811988772
13.860247532016523
11.925317653820818
13.161121710010335
13.672711013731707
16.44662610138837
14.125339412462731
14.05994531229042
14.07652778131653
11.981146894280132
14.273477836536125
13.903718015924987
12.065113712781622
13.156038653984902
16.337582018464825
16.40164918321178
14.93678701145475
14.317050383677195
14.048843539192688
12.121545839105854
13.11640220454141
13.523346852018406
13.67559977396687
11.922116789345456
13.335255055864677
14.690796085629605
14.116015771792657
12.059097877426662
13.524844851866263
12.435742708995738
10.473733437567834
9.351140746527713
13.128163075837039
13.390773928736495
14.384802921296163
14.85510324417796
11.425390363533065
13.876570887725787
13.639299096332936
13.529215472471535
13.472031807718889
13.436791747382863
16.905800487861413
14.833657395666252
15.271359122344279
14.141464000874862
16.91151357077655
14.802565511117788
12.706599872894007
13.027773809610533
16.96950484334699
17.465618796112796
14.976185410491404
16.612266786720273
11.690309450751503
9.304400533142008
12.028141077570359
12.65651148331517
12.908172109640633
9.611104383081255
11.623926970973159
12.447736598237716
12.781323076566856
15.595251335929916
16.028942075162362
14.245790946260158
17.07133557463111
14.664932317488784
10.74432885785994
12.01105725408144
13.594906336622907
13.184206250248767
13.262638126187767
13.038808138588845
12.780070745181044
11.450023149207514
12.257542264831171
12.588186345675151
12.720866320630437
12.771506207158705
9.79946901888947
11.546756561428042
9.606910367656411
7.981640511728103
13.542669404277133
13.092572316883082
12.90459860780798
12.825851711239586
11.667853237939488
13.941312775124443
13.242422178889155
12.951106043401111
12.829687227095643
10.1137173941393
11.645567794871447
11.157191462588484
11.599577722486785
10.807992911254088
8.771975790840163
11.070672151158297
12.022449324502862
12.412965272635542
12.569603668222431
12.633333629694688
12.652277904640178
12.652559984009962
13.226453822736163
12.485951589809451
12.5653174433624
13.005976415081271
12.766599146707966
12.65821886162041
13.667330264958396
15.618072615511544
14.800143533862105
13.46664714687434
12.586502096888157
12.523833416739297
12.487465466418467
11.98527266764634
12.241622598759031
10.807414665678806
11.738443319274884
9.764544153422495
11.270882156291554
12.78807534016841
14.947981251893703
16.56502684255497
14.055351151251058
16.49229323243409
14.000314188246886
12.93816470090728
15.654785449064132
14.187335303821037
11.624803134817597
11.518072932224984
13.407338415196882
9.886926488161158
11.154003922327156
10.869427998541784
11.540024102103162
11.80798063018799
11.908187714962937
11.938390489230256
11.93926563118345
11.927936157744144
13.461853063747117
15.548765249953638
13.651366119298388
12.596342985287238
13.695524076870726
12.592835675710432
12.111768136983338
11.900809072869357
11.807745867947062
14.367375095055321
10.885166901607436
11.36000355918022
10.991090435799036
11.38566244747946
12.766774521226518
16.170393150678752
14.175720236994975
12.677660605705007
12.044685907462878
13.40337755631284
13.556279361877786
12.387032579014075
11.892518532128765
15.66126929084459
13.091384567634012
12.166778596515893
11.776440137837373
11.609324612994834
11.535358149836949
13.29383645424277
15.40118244836103
10.359567977697058
11.002076368507165
9.656247675727327
10.704182358093178
11.138589646857028
11.317684469557324
14.724097438325257
12.810279614040535
12.007971719200691
15.97903699578837
13.255857546222813
12.190807980566248
11.835806659194807
12.657759763885249
14.699235374625015
11.00773837982998
11.239184086537154
11.327841722188833
11.360321217832887
10.16558125224779
12.015886726097554
9.78226135484866
10.699655832200238
14.165153554374378
12.19802998549542
11.685457203395544
11.464575418807724
15.022421133194406
12.84024508017731
11.914542140693886
10.723718271008002
11.023701389411034
10.500963886345488
10.912103300371365
11.488454049420907
10.102384964065717
11.789097439591757
11.396255619839486
11.227112475343116
13.349487097881623
10.332258467006538
13.927056032183692
12.242857931907345
15.592449426934252
12.914249353015904
8.39260147338013
9.891308023791902
11.081601828444898
10.98892442806979
14.10975254877515
12.227496105378606
12.981244330047998
11.733334045966602
11.201424026987883
14.407704955270962
11.45160313265523
11.048160796425035
10.868160462994313
14.724726744049299
12.376568524244144
11.386118170595337
10.961436897466678
11.8205892390838
11.10684073384822
10.803564531404954
10.671332137535245
6.994849796651238
12.878436663143525
11.500992745252308
10.921309124775838
9.456168609788868
6.179757782819692
8.665001814168967
5.450871949595838
8.340146583901387
9.533572555794509
10.020339639189572
15.153648615906377
12.332661420043788
13.706643829675855
11.71160409305033
6.002936459675828
8.651235443759253
9.584061388966482
9.968907390995135
10.122081105680873
11.982533555538343
10.948089480492028
15.335531636242099
8.975418718168813
8.837222996992363
11.41791449072224
10.685256206697158
6.514559245542978
8.63478977423056
9.515660279269076
8.033324983961926
11.442205651565502
16.260095233640904
12.686444298777765
10.482337670966729
14.850455469751676
9.249298532604712
9.769474826838785
9.985505518483322
4.701903587348897
9.673496909782608
9.938981307438013
10.047926927646621
15.168037785960646
11.003576582441378
10.482128887958522
8.790956994540663
9.551544819940695
9.863681649480489
12.924933402176372
7.52305444578538
9.001860619699569
7.889743209355529
2.887533275343446
2.557771932153214
6.903374829688246
5.473938639895236
8.101840432353946
8.851697600850567
7.518685947101921
8.92729695254297
11.560286322026208
10.592670672434721
6.0659812438357905
8.282650731948774
9.195621106272254
9.565244537652848
13.777725818245724
12.626799932894643
12.639559131091705
9.612129494906874
11.360043174234605
10.398821601141961
13.048072343206723
14.894910558226396
11.834520231208941
5.426244602531294
13.569623223286161
11.244537210565744
5.016742320821058
3.7935832327872068
9.318788255629796
5.445136202679794
9.22051759013955
9.509044094608686
9.44964868391864
12.229052920574535
4.317169182693605
5.413846904982928
12.530622157407855
5.53890732407718
7.733674915708562
14.467821792251744
11.430362251878902
10.158750120781539
11.42633670286039
10.798378664412319
9.854901906055414
8.232598867082066
8.763464707491098
8.973828723437942
13.87540625442566
11.082662034574774
9.908317745532509
8.190906391940173
8.68339781611987
8.87887211735395
8.951586655819392
12.287563836390838
10.355794446220465
8.073599696432414
5.856625091641588
7.654591758575451
9.193359517119397
9.031978266635253
5.222835419394997
2.8742857378686946
6.381216185632287
2.8433944725437144
6.3594960054401675
1.5678271105031145
4.099921778719366
1.2497795347296297
5.683566168557838
7.528924274389253
8.295872403319203
4.122864939859912
6.874031418267627
8.02019415288732
8.486999590469747
5.449341605910089
12.114217444021989
10.191983168447564
10.941520290880394
9.70091735576786
9.349024956020802
9.033038596385468
8.898871955785825
8.880532099430873
8.828513062112847
8.802727314942425
14.115681890852436
7.512686224587126
2.112157210331868
5.983713929706491
3.3515098379191244
6.4874632525945
7.78709630798533
8.321473157851488
8.45156934207302
8.582642720906229
8.628551864320826
8.63878767068089
10.940792464517905
9.583804460973013
9.009120785231056
8.162457462668428
8.388471736679135
8.472525771985797
12.94418061760011
12.656575004823548
3.845030190611955
6.546856347249203
12.234113516684982
10.019421357053432
9.084981082700565
8.683876742835727
6.405857404364523
3.682397602411769
6.3971218280485855
4.913655999538662
6.885743419088561
12.267836540384042
6.441380980596145
3.7734218084431537
6.360051683964263
7.998038517753802
12.367663736826078
8.723385390138795
11.865719791585605
5.957766530445262
7.194635081441742
4.376240047390565
6.51121583032045
4.554058938284736
6.5672678704628495
7.40015507610107
4.304537675108544
9.039325010075437
7.300903660158765
7.647159743656158
6.016196703023914
8.440959005692058
8.088222882193083
9.768722833612664
8.6194140883484
7.970260160239179
7.699280936208867
7.5859709925634355
7.538361838054384
7.517380958546863
3.0171415080719175
6.008302300527936
2.2871610302900685
5.3214520741102715
10.85586470937062
4.882752625220192
6.392757137151655
6.129849883818549
6.015233456466243
3.1385697017442244
5.645522986128419
10.470473803009767
8.689199583204571
7.940490068039747
7.622050266059763
3.2840001246834314
5.666700836363587
10.924157078535176
8.83376674486201
7.9542310468668
4.160210863533025
5.989447324837412
11.697237513542957
9.112386296715352
8.026207323828489
7.455658089007286
7.316667728388136
7.248365232904938
7.209476682183489
5.808311124433302
6.5879369405749575
2.6066228428053497
1.2287942883576424
0.059395998239507364
4.147847315745204
5.839719839288227
6.520426890858605
3.9570078239125843
10.178854305146368
12.272475459121274
11.185662190953767
8.000541328537814
10.172315462437737
10.967850674313274
8.572168754913942
7.561526492744241
7.128027111224926
8.189142455593657
7.364256900487078
7.007858412193366
6.846613545146177
6.766975928500413
6.721444686781723
6.192147613626049
6.457395303181176
6.544037866943597
6.574361687600998
6.581217488767737
5.100610628532795
5.943599138659617
6.283339975483863
7.267231314142907
4.842749053380216
5.785602889250738
5.188255495350874
6.194776302610514
6.323613527327802
6.367801245159096
6.381537552574196
6.3825847580300685
10.73485362194736
4.361029829175642
6.564712070194195
6.415207326760721
10.618110437594861
8.09006758266418
7.030487363895364
4.2354364371126145
9.88090528658642
6.765808912389514
0
0
1.5517195070100005
0
1.5744080515399999
2.422156011356744
2.889936778408959
7.045054196585774
0
1.6443263782670003
2.5375643414342717
3.0302125851053283
0
1.7084125648150001
2.636337561603285
0
0.27060058619635896
1.9185962317733773
0.01960179053823996
3.8185914214472785
0
6.747784672532503
5.457721660242344
8.683354686240069
6.5287410543957005
5.392857482382546
4.799879251919327
2.8640585847626907
2.424900133159195
3.253658753384747
1.926501903702817
3.692013070577503
3.952301933134156
4.101799571196385
0.5248431869104291
2.2926696667224054
3.2454733410760754
3.438528010232124
3.8747098901748616
4.518173398416344
4.467580155045962
0.054857691184455604
2.1009715024630253
3.0199241420860234
2.352997387391283
3.343613492314989
3.8766088833512784
0
0
2.1054594031560008
0
2.113707818029
3.242814002282275
2.068429941649538
0
7.8982687803524305
6.345271760196057
5.529485909314616
0
2.172078065328
3.3458496155980217
3.984609114822105
10.266095554547327
11.741861108461027
8.506181944407803
6.8021917584780045
5.9012325952658635
0
0
0
2.310502804116
3.5567244793272987
4.235797123227046
4.612590540018951
4.828351595450113
4.95852711697718
8.933728220536775
7.180658084123424
6.260970859333259
5.785976756185226
1.4454042400980098
4.522037363569265
0
2.9103238310980375
7.9696008099816655
5.307141387858576
5.388398212996336
5.446678854889845
6.766844360812186
4.20047634207995
0
0
2.656228053045001
9.097784458491354
7.542023554441987
6.733600655207244
0
2.7378295016420005
4.205656819637172
5.002223477279395
0
0
2.796418331371001
4.038496120216378
4.9755560640114584
9.617673987375433
4.725114639936628
11.43784933825427
15.911596978094188
11.36978829115506
8.950257592399339
7.663174428138287
6.98405190920959
14.625892631967496
10.720743153820855
11.367797266185333
7.1495962579599865
6.7472002280844485
6.536459821381862
6.428153740365361
6.371190615534957
4.322645842061021
5.254032687490761
5.75193798759307
6.018537535108663
0
2.9959377057530006
4.013920534506765
5.18723608729581
0
10.895189538625331
8.901536141693477
7.84435418008464
7.286873376364164
7.002796868436918
6.86462921485094
8.313651581780515
7.6063785348980835
7.243396676978617
7.06417285448379
13.749835623806334
10.830531251694644
8.057836728434374
7.559180645327582
7.300942213331798
7.1709906399688474
7.117518386379377
13.344218815327046
4.206558579615896
0
4.499214959723207
4.45670576137057
5.767877653587336
6.484860730110203
3.6350588199909026
5.381570035800146
6.330765888474959
6.249011097634201
0
0
3.54309649338
1.1453219833091204
0
0
0
3.6024964299730002
0
3.6283326079190004
3.5572127116891465
10.56060242721787
9.301698296341456
8.6414758290978
0.6572708817555748
10.640680574332636
15.450288800419981
12.578341632980536
10.438192098882414
15.543433351987668
13.530169265594672
9.826886220623507
6.633187252005421
14.59659346371865
18.321519776029056
7.310713585731486
10.401491284891845
17.15032244796162
12.933701643445321
16.22258089931674
19.736833887482966
14.319845886605911
18.1967030235407
7.965740695028398
8.139438429442153
0
3.9164569886980005
6.020501718533254
4.0836272652603665
6.138540249640931
9.622915479077077
3.9406355587314588
0.3960467798592635
0.4524452698072281
8.053689002556208
8.345897923483992
8.517295823577058
0
6.293444830580752
7.47043359970289
6.447384653191878
7.586771504034186
0
4.181928837536001
0.7213392707523667
4.602419744466463
0
4.243604432185
0.3586737835202296
4.495015840726395
6.718719943909604
7.921641908393164
8.563521068641592
8.937221368219152
8.14750706537862
4.378613425613543
6.733532033156386
8.004059828369247
10.66663982486304
15.971569766666553
12.492085524119211
11.421981519064033
13.314416420430861
11.589966616134907
14.32917044012598
12.152323761164222
7.036301532454782
11.412813517362208
7.176047689493085
8.37163928919751
3.246167173684147
6.289576552706861
11.053308237584718
10.469514505672205
10.164291910212688
10.00712328881649
6.092878071896047
12.271706523726209
4.861987970536603
7.196654032517332
8.443862584446247
15.21234845452618
19.213038969596877
16.058915791952014
13.180263941686595
11.649980572501967
15.386376169828543
16.34940094440889
18.15473337796511
13.82866200257312
12.003611392775017
11.03310267588075
16.877705657310663
13.050948424997879
12.055018433022891
13.08621573867721
12.095234586246182
13.251130370085171
12.076255256100456
16.109413192837724
13.46619423635821
12.07043621680274
16.408649592686494
13.670412718780513
12.22448002104228
13.310587076197356
12.06336389207791
12.223242171320853
16.324359753905327
19.04442533916646
17.8016657849425
14.537620850614317
12.8116590176298
11.906257518102262
11.618823947927378
11.31615381149905
17.26276867514956
14.343125047926804
7.158462907829112
8.981588379800614
11.037270132022716
17.05212117935797
15.630679068612551
18.499353655781192
18.237247557435182
14.978239297841414
11.481592551079974
5.241442277306586
10.56993962799906
10.938638687616297
9.248130451344839
10.258186109807607
10.809226743790338
11.114590007669523
11.287778175847457
14.26496483574151
17.539840191676163
11.682101494614054
9.467208562340813
10.450313422614059
9.85619131690773
5.1581151154013485
10.915093089304452
11.246470493866855
11.427848947172354
6.659132058646623
8.984364582225838
10.232324456845708
14.677828828302278
13.273978336557096
11.537025146970747
14.619024955081912
13.260246434277708
10.12005310559931
11.413391335238844
11.552686937757446
11.921931923903397
11.826153060782852
9.747562067889497
5.414530687209247
6.170187528773594
13.683965372655111
18.08693571324833
19.797687535499804
16.171266545282695
20.220029662517497
18.392684395641542
14.074913715640164
13.167108171890591
12.695443895473819
12.45700268157283
10.830530773109086
11.488981050383007
12.019005198097382
12.151193225112763
12.23595305251917
12.29572027396023
12.378246354131175
17.85697553846999
16.795713752511737
14.789926566197263
17.255563005132238
15.085205597076563
13.944594475750053
12.028239565326647
13.839641852328127
13.315550664712287
8.611126650726028
6.020969004216809
9.19635939221509
13.868772349432078
13.418349312274955
13.194960797030916
13.092645254093696
8.611866648238948
10.694818013084303
13.702977447849218
8.69139266474944
10.7660346988343
11.729800895537224
10.308113747634863
9.073943948473403
11.056244721350954
12.085718810100868
12.647481183857822
12.959672586494534
15.116556820820069
11.30820885495542
12.265889803072213
8.53673776907619
10.801524225835054
12.016089171265584
12.669201242897316
12.768233198053096
13.70522018328559
15.474924276010626
16.030976598773094
14.829468165821321
10.916715074726634
11.655125525447916
11.740269958664186
12.638025307596209
16.960967550577813
15.085225268705258
17.906048414522992
15.97413386012147
14.953782734387815
14.75030165098434
18.840789057168784
16.455292856930658
15.252015851703199
16.899860838265866
15.511590857251665
14.782251929650489
14.404684540645501
14.21452759337644
16.79295620228232
14.770774959080175
17.89219998273205
16.12186545984482
20.001498452408192
19.259385407701593
16.889578380139568
15.637983859208473
13.560460025050906
13.887923680982162
12.263567294292738
13.223020464420605
13.749232262946835
14.04472395752643
14.217536863041104
17.480542702801145
20.601010519402234
17.508399044869122
17.335017521097534
16.042973809272645
15.361382323489883
15.0209633504082
